Tract: ../extractor_outputs/subj04/dwi/lh_mOTS_words_extracted.tck 
Number of Streamlines: 602 
Scalar: /oak/stanford/groups/kalanit/biac2/kgs/projects/emily/git/fsub_extractor/tutorial/data/subj04/dwi/fa.nii.gz 
Mean: 0.4929810642111296 
Median: 0.49427151680000003 
Standard Deviation: 0.0484260293119027 
Tract Profile: [0.24095959 0.31009761 0.3813134  0.42896916 0.460364   0.4804033
 0.49329527 0.49972524 0.5061205  0.51153988 0.51642592 0.51761689
 0.51235724 0.50573125 0.49788095 0.48706025 0.47269233 0.46003878
 0.4524449  0.44494666 0.43982141 0.43674461 0.43779825 0.43924726
 0.43549107 0.44127357 0.44698641 0.45223795 0.45657101 0.45735604
 0.45876308 0.46405223 0.46918721 0.47469923 0.47929249 0.48220027
 0.4901716  0.49795499 0.50047041 0.50570204 0.50859289 0.51355452
 0.52043584 0.52445178 0.52254061 0.52563589 0.52174408 0.5182068
 0.50956039 0.4975802  0.48893657 0.48469827 0.47718029 0.47593812
 0.47928031 0.47996697 0.48548623 0.48847271 0.49518842 0.50674198
 0.52070725 0.53565723 0.55310303 0.56692619 0.57771011 0.58739289
 0.59182197 0.59597537 0.59029837 0.58353315 0.58112408 0.57027169
 0.56438946 0.55622514 0.54268332 0.5345883  0.52731973 0.52147289
 0.52161708 0.51846264 0.51966336 0.519459   0.51741286 0.51714727
 0.51653454 0.51719031 0.51432945 0.50508056 0.49867569 0.49425248
 0.49488352 0.49666178 0.4978552  0.49467599 0.48828513 0.4805903
 0.46616113 0.43413051 0.37449864 0.2974103 ] 
Profile Length: 100