Tract: ../extractor_outputs/subj04/dwi/lh_mFus_faces_extracted.tck 
Number of Streamlines: 108 
Scalar: /oak/stanford/groups/kalanit/biac2/kgs/projects/emily/git/fsub_extractor/tutorial/data/subj04/dwi/fa.nii.gz 
Mean: 0.45290595348518514 
Median: 0.458979398 
Standard Deviation: 0.03722860718076121 
Tract Profile: [0.24104507 0.30577764 0.37181327 0.41455306 0.44832478 0.47423419
 0.49638285 0.5117345  0.53133139 0.5334093  0.55128397 0.56188508
 0.56012453 0.54737949 0.52683523 0.49646086 0.46635448 0.44917296
 0.43281351 0.4205117  0.40845078 0.39874152 0.38988638 0.38200893
 0.38269173 0.38828165 0.38716003 0.39113046 0.39921706 0.39363539
 0.40254851 0.39946718 0.40576366 0.40640221 0.42100433 0.42800198
 0.42214087 0.4362714  0.45097989 0.46020906 0.45861004 0.46138497
 0.46519178 0.47147689 0.47125149 0.47945873 0.47876653 0.47468636
 0.47280454 0.47372656 0.46285283 0.43675952 0.42127308 0.41676175
 0.41728804 0.43554063 0.43999059 0.43651811 0.43926761 0.4373518
 0.44206889 0.43840382 0.44352073 0.45182658 0.46525701 0.48263798
 0.50128377 0.51920483 0.538496   0.54587978 0.5447701  0.54410178
 0.53495842 0.52720509 0.51573739 0.50367084 0.49724256 0.4890388
 0.48210132 0.47542506 0.48145034 0.48328563 0.49140887 0.49731297
 0.4916805  0.483014   0.4875489  0.48787097 0.48009355 0.46528722
 0.46194651 0.45207589 0.43869153 0.42163413 0.40176885 0.38639599
 0.36439425 0.33772869 0.30774172 0.26041985] 
Profile Length: 100