#!ascii label  , from subject  vox2ras=TkReg
917
183038  -32.142  29.226  19.887 0.0000000000
183037  -31.765  28.813  20.271 0.0000000000
181992  -31.632  28.442  20.053 0.0000000000
181993  -31.916  28.455  19.559 0.0000000000
183063  -32.228  28.860  19.423 0.0000000000
183021  -32.128  29.569  20.535 0.0000000000
183020  -31.833  29.025  20.566 0.0000000000
184046  -32.337  29.827  20.172 0.0000000000
183064  -32.694  29.223  19.174 0.0000000000
183039  -32.602  29.599  19.559 0.0000000000
184047  -32.772  30.183  19.759 0.0000000000
184073  -32.837  29.751  19.404 0.0000000000
182006  -32.305  28.460  19.147 0.0000000000
182007  -33.021  28.407  18.760 0.0000000000
183065  -33.633  29.167  18.684 0.0000000000
184074  -33.326  29.971  19.130 0.0000000000
182008  -34.046  28.301  18.350 0.0000000000
183066  -34.656  29.069  18.402 0.0000000000
184075  -34.235  29.878  18.741 0.0000000000
182009  -34.579  28.551  18.257 0.0000000000
183083  -34.820  28.630  18.233 0.0000000000
183084  -35.234  28.702  18.194 0.0000000000
183067  -35.578  29.311  18.407 0.0000000000
184076  -35.148  29.900  18.646 0.0000000000
183085  -35.970  28.748  18.240 0.0000000000
183068  -36.407  29.352  18.497 0.0000000000
184077  -36.016  29.990  18.697 0.0000000000
183086  -36.726  28.726  18.311 0.0000000000
183069  -37.215  29.301  18.561 0.0000000000
184078  -36.906  30.001  18.788 0.0000000000
182010  -37.468  28.649  18.357 0.0000000000
183070  -37.988  29.179  18.618 0.0000000000
184079  -37.767  29.867  18.806 0.0000000000
182011  -38.191  28.505  18.446 0.0000000000
183071  -38.735  29.034  18.711 0.0000000000
184080  -38.526  29.665  18.876 0.0000000000
182026  -34.811  28.178  18.144 0.0000000000
182027  -35.567  28.172  18.086 0.0000000000
182028  -36.286  28.160  18.103 0.0000000000
182029  -36.994  28.105  18.169 0.0000000000
184034  -32.409  30.279  20.532 0.0000000000
184035  -32.672  30.649  20.215 0.0000000000
185093  -32.984  31.005  20.057 0.0000000000
184048  -33.265  30.394  19.394 0.0000000000
185094  -33.516  30.922  19.482 0.0000000000
185126  -33.499  30.461  19.245 0.0000000000
185127  -33.943  30.504  19.052 0.0000000000
185128  -34.772  30.518  18.900 0.0000000000
185129  -35.591  30.557  18.891 0.0000000000
185130  -36.410  30.796  18.970 0.0000000000
185131  -37.592  30.754  18.969 0.0000000000
184049  -38.336  30.279  19.027 0.0000000000
185082  -32.729  31.030  20.603 0.0000000000
186188  -33.036  31.373  20.362 0.0000000000
186189  -33.448  31.696  20.113 0.0000000000
185095  -34.429  31.097  19.178 0.0000000000
186190  -34.173  31.690  19.575 0.0000000000
185096  -35.266  31.076  19.102 0.0000000000
186191  -34.982  31.672  19.339 0.0000000000
185097  -35.872  31.040  19.048 0.0000000000
186192  -35.890  31.591  19.143 0.0000000000
185098  -36.140  31.182  19.075 0.0000000000
186193  -36.327  31.296  19.065 0.0000000000
186208  -36.729  31.592  18.909 0.0000000000
185099  -38.292  30.693  19.005 0.0000000000
185132  -38.409  31.088  18.880 0.0000000000
186209  -37.806  31.663  18.536 0.0000000000
186181  -33.062  31.708  20.694 0.0000000000
186182  -33.352  31.991  20.493 0.0000000000
187354  -33.635  32.339  20.455 0.0000000000
187359  -34.092  32.318  19.967 0.0000000000
187360  -34.697  32.288  19.566 0.0000000000
187361  -35.364  32.319  19.247 0.0000000000
187362  -35.926  32.186  19.071 0.0000000000
186207  -36.241  31.957  19.024 0.0000000000
187366  -36.284  32.406  18.734 0.0000000000
187367  -37.064  32.178  18.444 0.0000000000
187353  -33.313  32.180  20.707 0.0000000000
187348  -33.442  32.520  20.818 0.0000000000
188635  -33.728  32.803  20.686 0.0000000000
188639  -34.044  32.859  20.282 0.0000000000
188640  -34.559  33.003  19.734 0.0000000000
188641  -34.982  32.703  19.422 0.0000000000
187365  -35.721  32.576  18.955 0.0000000000
188646  -35.260  33.161  19.036 0.0000000000
188647  -35.811  32.834  18.762 0.0000000000
187380  -36.678  32.684  18.233 0.0000000000
188655  -36.019  33.217  18.382 0.0000000000
188632  -33.505  32.913  21.176 0.0000000000
189854  -33.997  33.367  20.610 0.0000000000
189859  -34.235  33.280  20.135 0.0000000000
189860  -34.455  33.828  19.936 0.0000000000
188645  -34.758  33.491  19.474 0.0000000000
189864  -34.863  33.927  19.238 0.0000000000
189865  -35.217  33.949  18.723 0.0000000000
188654  -35.506  33.574  18.582 0.0000000000
189871  -35.632  33.980  18.291 0.0000000000
188656  -36.876  33.217  17.787 0.0000000000
189872  -36.259  33.980  17.838 0.0000000000
189850  -33.908  33.645  21.298 0.0000000000
189855  -34.297  34.115  20.764 0.0000000000
189851  -34.329  34.219  21.471 0.0000000000
190965  -34.759  34.752  21.079 0.0000000000
190968  -34.662  34.682  20.232 0.0000000000
190971  -34.783  34.570  19.498 0.0000000000
190974  -35.017  34.504  18.927 0.0000000000
190975  -35.338  34.552  18.502 0.0000000000
190979  -35.759  34.668  18.046 0.0000000000
189873  -36.803  33.809  17.534 0.0000000000
190980  -36.301  34.779  17.661 0.0000000000
189880  -36.668  34.290  17.507 0.0000000000
188664  -37.116  33.569  17.462 0.0000000000
189881  -37.224  34.086  17.346 0.0000000000
190987  -36.864  34.833  17.380 0.0000000000
188665  -37.638  33.262  17.402 0.0000000000
189882  -38.001  34.072  17.196 0.0000000000
190988  -37.544  34.825  17.209 0.0000000000
190959  -34.690  34.550  21.635 0.0000000000
190960  -35.272  34.842  21.873 0.0000000000
190966  -35.326  35.253  21.086 0.0000000000
191920  -35.122  35.320  20.457 0.0000000000
191912  -35.911  35.497  21.317 0.0000000000
191921  -35.706  35.727  20.669 0.0000000000
191926  -35.014  35.273  19.708 0.0000000000
191931  -35.086  35.061  19.063 0.0000000000
191935  -35.221  34.861  18.746 0.0000000000
191936  -35.481  35.285  18.501 0.0000000000
191939  -35.980  35.408  17.940 0.0000000000
191940  -36.516  35.484  17.585 0.0000000000
191945  -37.093  35.524  17.340 0.0000000000
190989  -38.332  34.835  17.117 0.0000000000
191946  -37.822  35.600  17.174 0.0000000000
190961  -36.216  35.240  21.961 0.0000000000
191913  -36.591  35.752  21.451 0.0000000000
191922  -36.384  36.117  20.816 0.0000000000
190962  -36.866  35.542  21.942 0.0000000000
191914  -37.288  36.025  21.499 0.0000000000
191923  -36.842  36.118  21.158 0.0000000000
191902  -37.459  35.549  22.162 0.0000000000
191915  -38.012  35.984  21.831 0.0000000000
192899  -37.847  36.398  21.447 0.0000000000
192898  -37.484  36.427  21.238 0.0000000000
192907  -37.085  36.581  20.840 0.0000000000
191903  -38.179  35.535  22.338 0.0000000000
191916  -38.693  35.967  22.050 0.0000000000
192900  -38.497  36.591  21.611 0.0000000000
191904  -38.849  35.608  22.479 0.0000000000
191917  -39.143  35.915  22.243 0.0000000000
192901  -39.341  36.403  22.027 0.0000000000
191905  -39.610  35.798  22.516 0.0000000000
191927  -35.625  35.953  19.921 0.0000000000
191928  -35.984  36.126  20.390 0.0000000000
192906  -36.632  36.511  20.561 0.0000000000
192913  -36.334  36.602  20.109 0.0000000000
191932  -35.389  35.690  19.155 0.0000000000
192912  -35.950  36.403  19.652 0.0000000000
192916  -35.770  36.276  19.234 0.0000000000
192920  -35.765  36.031  18.622 0.0000000000
192925  -35.852  35.784  18.242 0.0000000000
192926  -36.389  36.289  18.037 0.0000000000
192930  -36.761  35.945  17.567 0.0000000000
192931  -37.213  36.363  17.518 0.0000000000
192908  -37.689  36.723  21.142 0.0000000000
192909  -38.051  36.693  21.347 0.0000000000
193920  -39.101  37.115  21.730 0.0000000000
193919  -38.632  37.239  21.462 0.0000000000
193926  -38.118  37.114  21.215 0.0000000000
192886  -39.801  36.246  22.213 0.0000000000
192902  -40.006  36.607  22.089 0.0000000000
193921  -39.750  37.133  21.931 0.0000000000
192887  -40.190  36.263  22.296 0.0000000000
192903  -40.392  36.618  22.187 0.0000000000
193922  -40.447  37.128  22.124 0.0000000000
192888  -40.854  36.561  22.364 0.0000000000
192914  -36.746  36.721  20.449 0.0000000000
193925  -37.497  37.176  20.752 0.0000000000
193924  -37.183  36.971  20.618 0.0000000000
193929  -36.955  37.166  20.260 0.0000000000
192917  -36.142  36.716  19.372 0.0000000000
193928  -36.577  37.000  20.009 0.0000000000
193932  -36.540  37.137  19.628 0.0000000000
192921  -36.109  36.578  18.749 0.0000000000
193935  -36.421  37.072  18.904 0.0000000000
193939  -36.388  36.857  18.454 0.0000000000
192927  -36.882  36.757  17.860 0.0000000000
193940  -36.938  37.304  18.250 0.0000000000
193952  -37.159  36.936  17.795 0.0000000000
192932  -38.187  36.376  17.255 0.0000000000
193953  -37.730  37.198  17.671 0.0000000000
194932  -38.925  37.626  21.553 0.0000000000
194938  -38.443  37.813  21.265 0.0000000000
194933  -39.412  37.756  21.784 0.0000000000
194934  -40.095  37.875  22.001 0.0000000000
193907  -41.023  37.263  22.296 0.0000000000
194935  -40.883  37.945  22.246 0.0000000000
193930  -37.349  37.447  20.452 0.0000000000
194937  -37.952  37.617  20.920 0.0000000000
194941  -37.623  37.801  20.531 0.0000000000
193933  -36.907  37.550  19.650 0.0000000000
194940  -37.305  37.654  20.271 0.0000000000
194944  -37.163  37.813  19.934 0.0000000000
193936  -36.797  37.548  19.085 0.0000000000
194947  -37.171  38.015  19.364 0.0000000000
194951  -37.169  37.891  18.800 0.0000000000
193941  -37.529  37.645  18.047 0.0000000000
194952  -37.646  38.139  18.411 0.0000000000
194966  -37.929  37.821  17.968 0.0000000000
195973  -38.979  38.254  21.556 0.0000000000
195974  -39.622  38.575  21.839 0.0000000000
195975  -40.415  38.768  22.100 0.0000000000
194915  -41.366  37.630  22.381 0.0000000000
195952  -41.499  38.141  22.448 0.0000000000
195976  -41.298  38.871  22.366 0.0000000000
195983  -38.038  38.211  20.849 0.0000000000
195984  -38.507  38.643  21.166 0.0000000000
195987  -37.435  38.026  20.182 0.0000000000
195988  -37.751  38.479  20.302 0.0000000000
195992  -37.430  38.304  19.812 0.0000000000
195996  -37.526  38.475  19.357 0.0000000000
194948  -37.460  38.293  18.969 0.0000000000
195997  -37.924  38.808  19.002 0.0000000000
196001  -38.221  38.676  18.475 0.0000000000
194953  -38.341  38.290  18.082 0.0000000000
194916  -41.871  37.731  22.519 0.0000000000
195953  -42.094  38.573  22.534 0.0000000000
194917  -42.571  37.854  22.624 0.0000000000
195954  -42.960  38.651  22.664 0.0000000000
195977  -41.907  39.284  22.457 0.0000000000
196917  -42.546  39.525  22.527 0.0000000000
194918  -43.354  37.922  22.711 0.0000000000
195955  -43.779  38.664  22.791 0.0000000000
196918  -43.408  39.414  22.678 0.0000000000
196937  -39.073  39.115  21.503 0.0000000000
196938  -39.869  39.680  21.781 0.0000000000
196939  -40.794  39.662  22.116 0.0000000000
196940  -41.568  39.725  22.316 0.0000000000
196941  -42.043  39.721  22.414 0.0000000000
196951  -38.171  38.827  20.686 0.0000000000
196952  -38.627  39.529  20.804 0.0000000000
196960  -38.113  39.162  20.180 0.0000000000
195993  -37.790  38.789  19.695 0.0000000000
196964  -38.189  39.312  19.532 0.0000000000
196967  -38.407  39.359  19.052 0.0000000000
195998  -38.453  39.104  18.697 0.0000000000
196002  -38.846  38.904  18.287 0.0000000000
196968  -39.000  39.602  18.809 0.0000000000
197784  -43.128  40.080  22.569 0.0000000000
197783  -42.682  40.147  22.469 0.0000000000
197804  -42.163  40.335  22.291 0.0000000000
196953  -39.239  39.835  21.292 0.0000000000
197802  -40.466  40.421  21.776 0.0000000000
197801  -40.029  40.335  21.591 0.0000000000
197817  -39.716  40.467  21.232 0.0000000000
197803  -41.259  40.423  22.039 0.0000000000
196961  -38.509  39.758  19.971 0.0000000000
197816  -39.148  40.201  20.881 0.0000000000
197826  -38.974  40.204  20.302 0.0000000000
196965  -38.664  39.722  19.359 0.0000000000
197829  -38.988  40.144  19.639 0.0000000000
197832  -39.028  39.987  19.222 0.0000000000
197805  -42.921  40.611  22.368 0.0000000000
197818  -40.163  40.671  21.453 0.0000000000
198683  -40.908  41.104  21.587 0.0000000000
198682  -40.424  40.869  21.499 0.0000000000
198684  -41.762  41.156  21.865 0.0000000000
198685  -42.613  41.243  22.028 0.0000000000
197806  -43.432  40.561  22.467 0.0000000000
198686  -43.555  41.213  22.223 0.0000000000
197827  -39.501  40.672  20.576 0.0000000000
198700  -40.271  41.148  21.066 0.0000000000
198699  -39.801  40.887  20.902 0.0000000000
197830  -39.392  40.605  19.889 0.0000000000
198710  -39.892  41.068  20.615 0.0000000000
198713  -39.798  41.045  20.122 0.0000000000
197833  -39.564  40.340  19.151 0.0000000000
198716  -39.830  40.895  19.589 0.0000000000
198701  -40.924  41.610  21.089 0.0000000000
199597  -41.506  41.757  21.354 0.0000000000
199598  -42.243  41.877  21.577 0.0000000000
198711  -40.226  41.406  20.335 0.0000000000
199617  -40.732  41.794  20.556 0.0000000000
199632  -40.626  41.844  19.868 0.0000000000
198714  -40.205  41.340  19.703 0.0000000000
193909  -42.173  37.118  22.620 0.0000000000
193910  -42.934  37.189  22.688 0.0000000000
193908  -41.486  37.127  22.502 0.0000000000
192890  -42.482  36.386  22.846 0.0000000000
192889  -41.635  36.501  22.679 0.0000000000
191908  -41.744  35.908  22.940 0.0000000000
191907  -41.056  35.920  22.719 0.0000000000
191906  -40.377  35.908  22.590 0.0000000000
191889  -41.121  35.483  23.200 0.0000000000
191888  -40.443  35.514  23.017 0.0000000000
191887  -40.015  35.602  22.852 0.0000000000
190945  -39.599  35.229  23.320 0.0000000000
190957  -39.019  35.367  22.928 0.0000000000
190956  -38.355  35.230  22.905 0.0000000000
190955  -37.590  35.160  22.800 0.0000000000
190954  -36.760  35.088  22.564 0.0000000000
190953  -35.867  34.722  22.593 0.0000000000
190952  -35.367  34.550  22.453 0.0000000000
189847  -35.023  34.361  22.425 0.0000000000
189846  -34.574  34.239  22.085 0.0000000000
190944  -38.641  35.012  23.452 0.0000000000
190943  -37.784  34.837  23.516 0.0000000000
190942  -36.959  34.749  23.322 0.0000000000
190941  -36.328  34.630  23.121 0.0000000000
189843  -35.838  34.338  23.190 0.0000000000
189842  -35.318  34.235  22.871 0.0000000000
190921  -38.869  34.741  24.074 0.0000000000
190920  -38.202  34.687  23.998 0.0000000000
189838  -37.671  34.439  24.126 0.0000000000
189837  -37.103  34.374  23.914 0.0000000000
189836  -36.281  34.057  23.783 0.0000000000
189830  -38.995  34.323  24.637 0.0000000000
189829  -38.119  34.095  24.633 0.0000000000
190922  -39.716  34.786  24.214 0.0000000000
189845  -34.016  33.815  21.960 0.0000000000
188628  -33.577  33.275  21.831 0.0000000000
189841  -34.624  33.880  22.785 0.0000000000
189840  -34.221  33.870  22.393 0.0000000000
188623  -33.891  33.326  22.618 0.0000000000
189835  -35.461  33.898  23.434 0.0000000000
189834  -35.038  33.874  23.160 0.0000000000
188617  -34.807  33.384  23.427 0.0000000000
188624  -34.379  33.434  23.016 0.0000000000
189828  -37.236  33.989  24.409 0.0000000000
189827  -36.769  33.998  24.181 0.0000000000
188610  -36.546  33.444  24.459 0.0000000000
188619  -36.075  33.509  24.176 0.0000000000
188618  -35.573  33.342  23.966 0.0000000000
189802  -39.112  33.925  25.099 0.0000000000
189801  -38.641  33.963  24.922 0.0000000000
189831  -39.566  34.330  24.791 0.0000000000
188598  -38.396  33.426  25.202 0.0000000000
188612  -37.889  33.530  25.018 0.0000000000
188611  -37.347  33.387  24.897 0.0000000000
188631  -33.207  32.549  21.386 0.0000000000
187347  -33.181  32.260  21.093 0.0000000000
188627  -33.224  32.741  21.710 0.0000000000
187344  -33.032  32.214  21.581 0.0000000000
188622  -33.361  32.893  22.205 0.0000000000
187340  -33.170  32.335  22.089 0.0000000000
188616  -34.243  33.102  23.172 0.0000000000
187336  -33.907  32.610  23.089 0.0000000000
187341  -33.448  32.522  22.623 0.0000000000
188609  -35.977  33.115  24.329 0.0000000000
187331  -35.605  32.612  24.298 0.0000000000
187338  -34.984  32.651  23.946 0.0000000000
187337  -34.385  32.658  23.532 0.0000000000
188597  -37.783  33.124  25.149 0.0000000000
187325  -37.402  32.614  25.122 0.0000000000
187333  -36.768  32.648  24.868 0.0000000000
187332  -36.159  32.642  24.566 0.0000000000
187326  -37.979  32.640  25.316 0.0000000000
187327  -38.613  32.636  25.533 0.0000000000
188599  -39.206  33.343  25.553 0.0000000000
186176  -32.904  31.616  21.302 0.0000000000
186170  -32.978  31.621  21.908 0.0000000000
186166  -33.615  31.857  22.984 0.0000000000
186165  -33.224  31.942  22.455 0.0000000000
186162  -35.230  31.825  24.210 0.0000000000
186161  -34.543  31.982  23.788 0.0000000000
186160  -34.087  32.115  23.398 0.0000000000
186157  -37.060  31.815  24.960 0.0000000000
186156  -36.360  31.952  24.673 0.0000000000
186155  -35.839  32.081  24.457 0.0000000000
187309  -39.237  32.603  25.760 0.0000000000
186150  -38.866  31.835  25.611 0.0000000000
186149  -38.177  31.962  25.352 0.0000000000
186148  -37.649  32.082  25.193 0.0000000000
185073  -32.832  31.345  20.951 0.0000000000
186175  -32.806  31.287  21.398 0.0000000000
185072  -32.660  31.018  21.197 0.0000000000
186169  -32.853  31.441  21.574 0.0000000000
185065  -32.776  31.149  21.631 0.0000000000
185060  -33.226  31.311  22.535 0.0000000000
185066  -32.946  30.882  22.071 0.0000000000
185054  -34.113  31.464  23.440 0.0000000000
185061  -33.673  31.000  23.022 0.0000000000
185048  -35.889  31.418  24.395 0.0000000000
185056  -35.357  30.906  24.096 0.0000000000
185055  -34.698  31.193  23.819 0.0000000000
185040  -37.699  31.429  25.096 0.0000000000
185050  -37.203  30.926  24.761 0.0000000000
185049  -36.534  31.173  24.599 0.0000000000
185042  -38.963  30.977  25.434 0.0000000000
185041  -38.330  31.208  25.256 0.0000000000
186151  -39.471  31.474  25.738 0.0000000000
186136  -39.456  32.096  25.811 0.0000000000
185081  -32.482  30.696  20.868 0.0000000000
184025  -32.403  30.343  21.167 0.0000000000
184014  -32.613  30.544  21.662 0.0000000000
184007  -33.272  30.534  22.578 0.0000000000
184015  -32.865  30.108  22.147 0.0000000000
184000  -34.213  30.671  23.437 0.0000000000
184008  -33.754  30.187  23.021 0.0000000000
184002  -35.541  30.104  23.895 0.0000000000
184001  -34.856  30.379  23.711 0.0000000000
185057  -36.053  30.638  24.221 0.0000000000
183995  -37.407  30.178  24.498 0.0000000000
183994  -36.734  30.398  24.368 0.0000000000
185051  -37.861  30.681  24.885 0.0000000000
183988  -39.135  30.270  25.179 0.0000000000
183987  -38.501  30.465  25.032 0.0000000000
185043  -39.597  30.764  25.550 0.0000000000
183011  -32.200  29.763  21.041 0.0000000000
183000  -32.380  29.657  21.670 0.0000000000
182988  -33.261  29.714  22.635 0.0000000000
183001  -32.788  29.305  22.280 0.0000000000
182979  -34.341  29.867  23.376 0.0000000000
182989  -33.825  29.363  23.021 0.0000000000
182981  -35.732  29.318  23.679 0.0000000000
182980  -35.012  29.581  23.590 0.0000000000
184003  -36.251  29.864  24.011 0.0000000000
183996  -38.063  29.974  24.629 0.0000000000
182973  -37.622  29.483  24.266 0.0000000000
184004  -36.958  29.671  24.115 0.0000000000
183997  -38.692  29.779  24.803 0.0000000000
181977  -31.576  28.497  20.592 0.0000000000
183010  -31.962  29.250  21.018 0.0000000000
181966  -31.702  28.664  21.106 0.0000000000
182999  -32.123  29.415  21.309 0.0000000000
181954  -32.000  28.977  21.522 0.0000000000
181955  -32.389  28.702  22.127 0.0000000000
181942  -33.964  28.568  23.073 0.0000000000
181941  -33.181  28.793  22.678 0.0000000000
182990  -34.481  29.081  23.316 0.0000000000
181929  -35.906  28.447  23.484 0.0000000000
181928  -35.170  28.814  23.411 0.0000000000
182982  -36.485  29.125  23.764 0.0000000000
182984  -37.833  28.851  24.054 0.0000000000
182983  -37.204  29.000  23.898 0.0000000000
182974  -38.261  29.291  24.424 0.0000000000
180953  -36.560  27.555  18.091 0.0000000000
180954  -37.237  27.496  18.165 0.0000000000
182030  -37.668  27.999  18.241 0.0000000000
180952  -35.877  27.590  18.024 0.0000000000
180951  -35.225  27.608  18.046 0.0000000000
182025  -34.389  27.880  18.158 0.0000000000
180950  -34.660  27.526  18.096 0.0000000000
180935  -34.078  27.494  18.215 0.0000000000
180936  -38.326  27.737  18.338 0.0000000000
182012  -38.934  28.364  18.580 0.0000000000
180934  -33.304  27.585  18.512 0.0000000000
180933  -32.290  27.631  18.943 0.0000000000
180921  -31.939  28.055  19.283 0.0000000000
180920  -31.432  27.592  19.632 0.0000000000
180904  -31.267  27.920  20.460 0.0000000000
180888  -31.388  28.058  21.090 0.0000000000
180877  -31.723  28.067  21.807 0.0000000000
181940  -32.733  28.593  22.460 0.0000000000
180863  -32.642  28.032  22.638 0.0000000000
180878  -32.190  28.125  22.235 0.0000000000
181956  -32.768  28.845  22.379 0.0000000000
181944  -35.203  28.108  23.347 0.0000000000
181943  -34.634  28.350  23.281 0.0000000000
179808  -36.822  26.974  18.167 0.0000000000
179809  -37.610  26.881  18.228 0.0000000000
180955  -37.775  27.471  18.224 0.0000000000
179807  -36.144  27.013  18.075 0.0000000000
179806  -35.479  27.027  18.057 0.0000000000
179805  -34.985  27.147  18.061 0.0000000000
179789  -34.517  26.843  18.170 0.0000000000
179792  -38.497  26.892  18.373 0.0000000000
180937  -39.147  27.641  18.547 0.0000000000
179810  -38.046  27.246  18.260 0.0000000000
179788  -33.668  26.816  18.366 0.0000000000
179787  -32.822  26.830  18.642 0.0000000000
180932  -31.770  27.209  19.139 0.0000000000
179786  -32.062  26.775  18.922 0.0000000000
179775  -31.455  26.763  19.236 0.0000000000
180919  -30.908  27.091  19.974 0.0000000000
179774  -30.944  26.713  19.699 0.0000000000
180903  -30.876  27.290  20.379 0.0000000000
179761  -30.576  26.662  20.256 0.0000000000
180887  -30.965  27.491  21.039 0.0000000000
179744  -30.509  26.743  20.984 0.0000000000
180876  -31.224  27.651  21.520 0.0000000000
179731  -30.922  27.047  21.742 0.0000000000
180862  -32.054  27.702  22.360 0.0000000000
179718  -31.532  27.115  22.296 0.0000000000
179732  -31.331  27.475  21.847 0.0000000000
179719  -32.295  27.138  22.738 0.0000000000
179720  -33.109  27.122  23.119 0.0000000000
180864  -33.489  27.958  22.984 0.0000000000
178579  -37.018  26.448  18.238 0.0000000000
178562  -37.544  26.064  18.392 0.0000000000
179791  -37.986  26.467  18.319 0.0000000000
178578  -36.401  26.453  18.202 0.0000000000
178577  -35.734  26.519  18.165 0.0000000000
179790  -35.079  26.750  18.130 0.0000000000
178576  -35.342  26.607  18.148 0.0000000000
178563  -38.300  26.079  18.527 0.0000000000
178564  -39.071  26.199  18.628 0.0000000000
179793  -39.470  26.923  18.604 0.0000000000
178559  -35.101  26.150  18.294 0.0000000000
178558  -34.135  26.090  18.425 0.0000000000
178557  -33.267  26.082  18.573 0.0000000000
178556  -32.448  26.075  18.773 0.0000000000
178555  -31.707  26.098  18.976 0.0000000000
178544  -31.058  26.079  19.303 0.0000000000
178543  -30.416  25.998  19.882 0.0000000000
179760  -30.313  26.394  20.597 0.0000000000
178532  -30.318  26.260  20.322 0.0000000000
179743  -30.207  26.307  20.860 0.0000000000
178531  -30.037  25.943  20.555 0.0000000000
178516  -30.492  26.455  21.653 0.0000000000
178515  -30.103  26.064  21.298 0.0000000000
179717  -31.084  26.723  22.197 0.0000000000
178495  -30.770  26.395  22.124 0.0000000000
179706  -33.321  26.638  23.351 0.0000000000
178485  -33.048  26.511  23.329 0.0000000000
178484  -32.586  26.533  23.127 0.0000000000
179707  -33.728  26.766  23.370 0.0000000000
179721  -33.888  27.366  23.208 0.0000000000
178483  -31.899  26.345  22.876 0.0000000000
178482  -31.200  26.297  22.566 0.0000000000
178475  -33.438  26.146  23.534 0.0000000000
178561  -36.751  25.879  18.336 0.0000000000
178560  -35.971  25.891  18.318 0.0000000000
177248  -38.745  25.501  18.896 0.0000000000
177249  -39.513  25.699  18.947 0.0000000000
178565  -39.870  26.248  18.772 0.0000000000
177247  -37.963  25.464  18.747 0.0000000000
177246  -37.210  25.332  18.647 0.0000000000
177245  -36.385  25.201  18.606 0.0000000000
177244  -35.497  25.235  18.592 0.0000000000
177243  -34.587  25.330  18.594 0.0000000000
177242  -33.708  25.350  18.644 0.0000000000
177241  -32.866  25.348  18.724 0.0000000000
177240  -32.008  25.308  18.856 0.0000000000
177220  -31.368  25.533  19.056 0.0000000000
177219  -30.767  25.233  19.320 0.0000000000
178542  -30.036  25.604  20.141 0.0000000000
177218  -30.097  25.220  19.803 0.0000000000
177200  -29.707  25.192  20.359 0.0000000000
177179  -29.643  25.450  21.068 0.0000000000
178494  -30.306  25.931  22.055 0.0000000000
177154  -29.775  25.450  21.858 0.0000000000
178481  -30.683  25.899  22.508 0.0000000000
177145  -30.159  25.206  22.805 0.0000000000
178474  -32.847  26.107  23.436 0.0000000000
178473  -32.352  26.017  23.280 0.0000000000
177138  -31.767  25.568  23.448 0.0000000000
177147  -31.473  25.951  22.953 0.0000000000
177146  -31.023  25.654  22.968 0.0000000000
178456  -33.948  25.806  23.837 0.0000000000
177129  -33.350  25.417  24.054 0.0000000000
177140  -33.075  25.800  23.633 0.0000000000
178476  -34.165  26.309  23.577 0.0000000000
177139  -32.641  25.641  23.638 0.0000000000
177130  -34.203  25.514  24.344 0.0000000000
178457  -34.529  25.886  23.925 0.0000000000
175799  -36.921  24.653  18.941 0.0000000000
175800  -37.686  24.896  19.058 0.0000000000
175798  -35.976  24.344  18.979 0.0000000000
175797  -34.983  24.565  18.868 0.0000000000
175796  -34.121  24.624  18.806 0.0000000000
175795  -33.293  24.651  18.813 0.0000000000
175794  -32.512  24.648  18.852 0.0000000000
177239  -31.409  24.916  19.014 0.0000000000
175793  -31.847  24.540  18.939 0.0000000000
175767  -31.108  24.364  19.161 0.0000000000
175792  -31.478  24.514  19.027 0.0000000000
175766  -30.275  24.408  19.535 0.0000000000
175745  -29.749  24.703  19.900 0.0000000000
177199  -29.314  24.874  20.846 0.0000000000
175744  -29.366  24.370  20.322 0.0000000000
177178  -29.267  24.929  21.520 0.0000000000
175726  -28.966  24.221  21.083 0.0000000000
177153  -29.449  24.871  22.307 0.0000000000
175708  -28.956  24.362  21.943 0.0000000000
177144  -29.603  24.786  22.754 0.0000000000
175697  -29.106  24.300  22.901 0.0000000000
177137  -30.799  25.149  23.649 0.0000000000
177136  -30.297  24.996  23.439 0.0000000000
175693  -29.904  24.637  23.553 0.0000000000
175698  -29.705  24.727  22.997 0.0000000000
177128  -32.393  25.246  24.231 0.0000000000
177127  -31.414  25.077  24.380 0.0000000000
177126  -30.901  24.992  24.173 0.0000000000
175689  -30.478  24.780  24.249 0.0000000000
175694  -30.349  24.931  23.736 0.0000000000
177111  -32.985  25.180  24.958 0.0000000000
177112  -33.830  25.280  24.956 0.0000000000
177110  -32.132  25.109  25.069 0.0000000000
177109  -31.439  24.907  25.258 0.0000000000
175679  -30.932  24.771  24.817 0.0000000000
175690  -30.927  24.922  24.410 0.0000000000
177095  -31.363  24.777  25.883 0.0000000000
175666  -30.907  24.591  25.549 0.0000000000
177096  -31.894  25.029  25.818 0.0000000000
177088  -31.590  24.804  26.448 0.0000000000
175659  -31.007  24.461  26.301 0.0000000000
175770  -36.750  24.044  19.299 0.0000000000
175771  -37.467  24.328  19.364 0.0000000000
174426  -35.220  23.950  19.171 0.0000000000
174398  -35.740  23.546  19.447 0.0000000000
175769  -36.255  23.832  19.331 0.0000000000
174425  -34.491  23.955  19.100 0.0000000000
174424  -33.677  23.968  19.007 0.0000000000
174423  -32.894  24.022  19.000 0.0000000000
174422  -32.196  24.073  19.014 0.0000000000
175768  -31.575  24.242  19.058 0.0000000000
174421  -31.816  24.130  19.040 0.0000000000
174393  -31.657  23.691  19.207 0.0000000000
174392  -30.786  23.606  19.437 0.0000000000
175765  -29.728  24.164  19.857 0.0000000000
174391  -30.005  23.536  19.763 0.0000000000
174390  -29.489  23.768  20.032 0.0000000000
174370  -29.131  23.503  20.478 0.0000000000
175725  -28.653  23.849  21.593 0.0000000000
174357  -28.715  23.400  21.109 0.0000000000
175707  -28.567  23.794  22.260 0.0000000000
174356  -28.436  23.293  21.682 0.0000000000
175696  -28.658  23.847  22.738 0.0000000000
174340  -28.407  23.379  22.792 0.0000000000
174348  -28.291  23.196  22.186 0.0000000000
175692  -29.263  24.082  23.857 0.0000000000
174337  -28.716  23.557  23.461 0.0000000000
174341  -28.690  23.800  22.983 0.0000000000
175688  -29.729  24.189  24.503 0.0000000000
175687  -29.337  23.935  24.306 0.0000000000
174332  -29.066  23.533  24.285 0.0000000000
175678  -30.375  24.427  25.074 0.0000000000
175677  -29.931  23.939  25.339 0.0000000000
174329  -29.384  23.540  24.973 0.0000000000
174333  -29.362  23.825  24.530 0.0000000000
175665  -30.360  24.091  25.911 0.0000000000
175664  -30.042  23.802  25.745 0.0000000000
174316  -29.798  23.422  25.741 0.0000000000
175658  -30.697  23.953  26.696 0.0000000000
174305  -30.143  23.450  26.398 0.0000000000
174317  -30.086  23.700  25.965 0.0000000000
175654  -31.257  24.314  27.204 0.0000000000
175653  -30.847  23.899  27.124 0.0000000000
174301  -30.573  23.451  27.170 0.0000000000
175650  -31.361  24.098  27.777 0.0000000000
174297  -31.002  23.536  27.842 0.0000000000
174302  -30.901  23.821  27.359 0.0000000000
175651  -31.765  24.553  27.964 0.0000000000
175655  -31.808  24.799  27.359 0.0000000000
177083  -31.845  24.909  26.958 0.0000000000
174298  -31.424  23.962  28.049 0.0000000000
174397  -34.884  23.369  19.448 0.0000000000
174396  -34.035  23.334  19.405 0.0000000000
174395  -33.224  23.405  19.302 0.0000000000
174394  -32.474  23.489  19.242 0.0000000000
173096  -34.442  22.566  19.831 0.0000000000
173097  -35.322  22.892  19.771 0.0000000000
173095  -33.476  22.712  19.652 0.0000000000
173094  -32.783  22.929  19.506 0.0000000000
173093  -32.086  22.869  19.481 0.0000000000
173092  -31.260  22.858  19.494 0.0000000000
173091  -30.479  22.813  19.639 0.0000000000
174371  -29.537  23.253  20.067 0.0000000000
173090  -29.832  22.739  19.901 0.0000000000
173073  -29.324  22.726  20.269 0.0000000000
173072  -28.888  22.751  20.742 0.0000000000
173062  -28.542  22.722  21.284 0.0000000000
173061  -28.336  22.687  21.843 0.0000000000
173058  -28.243  22.702  22.421 0.0000000000
174336  -28.412  23.142  23.213 0.0000000000
173052  -28.343  22.725  22.983 0.0000000000
173047  -28.707  23.105  23.956 0.0000000000
173046  -28.489  22.814  23.534 0.0000000000
174328  -29.063  23.209  24.692 0.0000000000
173044  -28.839  22.849  24.426 0.0000000000
173041  -29.399  23.046  25.432 0.0000000000
173040  -29.088  22.832  25.014 0.0000000000
174304  -29.841  23.086  26.132 0.0000000000
173035  -29.527  22.757  25.901 0.0000000000
173022  -30.181  22.978  26.877 0.0000000000
173021  -29.850  22.715  26.468 0.0000000000
174296  -30.621  23.123  27.556 0.0000000000
173013  -30.362  22.716  27.312 0.0000000000
174293  -31.581  23.634  28.551 0.0000000000
174292  -31.158  23.190  28.356 0.0000000000
173009  -30.929  22.745  28.220 0.0000000000
173008  -30.655  22.730  27.777 0.0000000000
174287  -32.157  23.588  29.246 0.0000000000
173003  -31.732  22.837  29.106 0.0000000000
173002  -31.275  22.765  28.641 0.0000000000
175646  -32.308  24.517  28.966 0.0000000000
171748  -32.654  22.139  19.714 0.0000000000
171747  -31.676  22.099  19.617 0.0000000000
171746  -30.869  22.088  19.618 0.0000000000
171745  -30.166  22.070  19.770 0.0000000000
171744  -29.576  22.058  20.072 0.0000000000
171731  -29.103  22.071  20.499 0.0000000000
171730  -28.717  22.094  20.991 0.0000000000
171722  -28.442  22.112  21.518 0.0000000000
171721  -28.343  22.107  22.078 0.0000000000
171718  -28.353  22.121  22.661 0.0000000000
171712  -28.432  22.183  23.246 0.0000000000
173043  -28.610  22.679  23.999 0.0000000000
171705  -28.540  22.243  23.788 0.0000000000
171703  -28.898  22.156  24.698 0.0000000000
171702  -28.649  22.345  24.235 0.0000000000
173034  -29.247  22.628  25.471 0.0000000000
171700  -29.097  22.284  25.232 0.0000000000
171698  -29.571  22.109  26.156 0.0000000000
171697  -29.296  22.172  25.656 0.0000000000
173012  -30.071  22.503  26.913 0.0000000000
171688  -29.892  22.032  26.648 0.0000000000
171672  -30.462  22.105  27.550 0.0000000000
171671  -30.179  22.066  27.118 0.0000000000
171658  -31.042  22.075  28.439 0.0000000000
171657  -30.742  22.106  27.991 0.0000000000
171646  -31.452  22.043  28.890 0.0000000000
170434  -29.868  21.383  19.963 0.0000000000
170435  -30.468  21.371  19.711 0.0000000000
170421  -29.358  21.399  20.320 0.0000000000
170420  -28.918  21.426  20.777 0.0000000000
170416  -28.611  21.516  21.296 0.0000000000
170415  -28.459  21.591  21.785 0.0000000000
170411  -28.483  21.484  22.305 0.0000000000
170407  -28.513  21.585  22.944 0.0000000000
170399  -28.617  21.666  23.533 0.0000000000
171706  -28.752  21.817  24.106 0.0000000000
170393  -29.281  21.662  25.159 0.0000000000
170396  -29.130  21.420  24.449 0.0000000000
170386  -29.865  21.397  26.163 0.0000000000
170385  -29.514  21.671  25.738 0.0000000000
170374  -30.120  21.471  26.823 0.0000000000
170353  -30.652  21.435  27.651 0.0000000000
170352  -30.310  21.600  27.296 0.0000000000
170336  -31.290  21.265  28.437 0.0000000000
170335  -30.896  21.566  28.130 0.0000000000
169139  -29.210  20.776  20.594 0.0000000000
169140  -29.644  20.745  20.229 0.0000000000
169135  -28.825  20.785  21.218 0.0000000000
169134  -28.568  21.154  21.646 0.0000000000
169130  -28.539  21.238  21.946 0.0000000000
169131  -28.732  20.772  22.070 0.0000000000
170412  -28.684  21.092  22.669 0.0000000000
170408  -28.820  21.120  23.209 0.0000000000
170400  -29.004  21.246  23.803 0.0000000000
170397  -29.621  21.019  24.738 0.0000000000
170401  -29.496  20.879  24.052 0.0000000000
170394  -29.757  21.163  25.428 0.0000000000
170387  -30.326  20.870  26.427 0.0000000000
169084  -30.194  20.729  25.718 0.0000000000
170375  -30.489  21.061  27.070 0.0000000000
170354  -30.995  21.046  27.923 0.0000000000
169041  -30.907  20.710  27.387 0.0000000000
167763  -29.256  20.040  20.789 0.0000000000
167769  -29.467  20.350  20.427 0.0000000000
167759  -29.040  20.045  21.591 0.0000000000
169126  -29.027  20.630  22.797 0.0000000000
167753  -29.183  20.048  22.364 0.0000000000
169127  -29.539  20.177  23.004 0.0000000000
169117  -29.281  20.714  23.423 0.0000000000
169118  -29.825  20.361  23.630 0.0000000000
169098  -30.673  20.356  25.211 0.0000000000
169097  -30.118  20.631  24.993 0.0000000000
169085  -30.757  20.420  25.940 0.0000000000
169066  -31.419  20.219  26.943 0.0000000000
169065  -30.843  20.517  26.670 0.0000000000
169042  -31.457  20.459  27.815 0.0000000000
167760  -29.416  19.426  21.929 0.0000000000
166342  -29.382  19.522  21.214 0.0000000000
167754  -29.678  19.507  22.653 0.0000000000
169019  -31.810  20.620  28.500 0.0000000000
169043  -32.063  20.114  27.993 0.0000000000
169067  -32.148  19.859  27.217 0.0000000000
169020  -32.427  20.185  28.536 0.0000000000
167665  -32.610  19.768  27.792 0.0000000000
169086  -31.336  20.161  26.153 0.0000000000
169087  -31.930  19.853  26.352 0.0000000000
167680  -32.620  19.695  27.324 0.0000000000
169068  -32.758  19.659  26.964 0.0000000000
169088  -32.576  19.724  26.450 0.0000000000
167681  -32.995  19.616  27.296 0.0000000000
169069  -33.130  19.615  26.940 0.0000000000
169089  -33.140  19.661  26.543 0.0000000000
167682  -33.647  19.583  26.955 0.0000000000
169099  -31.255  20.143  25.402 0.0000000000
169100  -31.844  19.940  25.582 0.0000000000
169101  -32.450  19.777  25.736 0.0000000000
169102  -33.065  19.674  25.878 0.0000000000
167698  -33.675  19.578  26.069 0.0000000000
169109  -30.556  20.246  24.506 0.0000000000
169108  -30.005  20.516  24.297 0.0000000000
169110  -31.146  20.079  24.674 0.0000000000
167715  -31.734  19.904  24.837 0.0000000000
167716  -32.326  19.716  24.999 0.0000000000
167717  -32.943  19.570  25.163 0.0000000000
167718  -33.557  19.382  25.355 0.0000000000
169119  -30.356  20.020  23.857 0.0000000000
167728  -30.900  19.746  24.071 0.0000000000
167729  -31.466  19.535  24.255 0.0000000000
167742  -30.057  19.754  23.254 0.0000000000
167743  -30.582  19.373  23.517 0.0000000000
181930  -36.793  28.427  23.631 0.0000000000
181931  -37.443  28.413  23.822 0.0000000000
167744  -31.118  19.077  23.791 0.0000000000
166326  -30.748  18.562  23.257 0.0000000000
167755  -30.180  19.040  22.973 0.0000000000
167730  -32.075  19.364  24.375 0.0000000000
166311  -31.686  18.875  23.991 0.0000000000
167719  -34.215  19.231  25.545 0.0000000000
166300  -33.881  18.613  25.088 0.0000000000
167732  -33.300  18.987  24.803 0.0000000000
167731  -32.719  19.203  24.520 0.0000000000
167699  -34.396  19.563  26.235 0.0000000000
167666  -33.254  19.580  27.780 0.0000000000
167667  -33.995  19.480  27.774 0.0000000000
167683  -34.618  19.609  27.036 0.0000000000
167647  -33.443  19.607  28.535 0.0000000000
167648  -34.208  19.414  28.541 0.0000000000
167668  -34.844  19.516  27.840 0.0000000000
167646  -32.912  19.773  28.302 0.0000000000
167628  -33.777  19.640  29.097 0.0000000000
167629  -34.322  19.531  29.379 0.0000000000
167649  -34.959  19.334  28.624 0.0000000000
169003  -33.282  20.086  29.312 0.0000000000
169021  -32.924  19.996  28.808 0.0000000000
169004  -33.771  19.937  29.616 0.0000000000
166327  -31.328  18.405  23.620 0.0000000000
164909  -31.067  17.975  23.306 0.0000000000
164924  -30.727  17.720  22.750 0.0000000000
166336  -30.314  18.419  22.728 0.0000000000
166328  -31.776  18.267  23.860 0.0000000000
166312  -32.271  18.537  24.185 0.0000000000
163419  -31.256  17.055  23.085 0.0000000000
163418  -30.925  17.130  22.631 0.0000000000
164925  -31.120  17.588  23.202 0.0000000000
163431  -30.756  17.138  22.174 0.0000000000
164936  -30.414  17.660  21.917 0.0000000000
164923  -30.216  18.125  22.278 0.0000000000
164935  -30.017  18.242  21.647 0.0000000000
166335  -29.865  18.769  22.258 0.0000000000
164910  -31.534  17.659  23.564 0.0000000000
161811  -31.087  16.687  22.460 0.0000000000
161831  -30.975  16.652  21.778 0.0000000000
163447  -30.693  17.151  21.461 0.0000000000
163403  -31.660  17.090  23.490 0.0000000000
161794  -31.792  16.595  23.394 0.0000000000
161812  -31.631  16.217  22.844 0.0000000000
163404  -32.134  17.091  23.838 0.0000000000
161832  -31.384  16.229  22.100 0.0000000000
161853  -31.434  16.356  21.151 0.0000000000
161852  -30.983  16.741  21.343 0.0000000000
160224  -32.234  15.589  23.046 0.0000000000
160223  -31.850  15.857  22.800 0.0000000000
161813  -31.954  16.104  23.263 0.0000000000
160243  -31.746  15.824  22.490 0.0000000000
161795  -32.334  16.156  23.631 0.0000000000
160244  -31.990  15.438  22.220 0.0000000000
160266  -31.687  15.863  21.871 0.0000000000
158747  -32.857  14.955  23.064 0.0000000000
158746  -32.474  15.195  22.904 0.0000000000
160225  -32.653  15.352  23.285 0.0000000000
158762  -32.370  15.098  22.585 0.0000000000
160209  -32.476  15.752  23.477 0.0000000000
160210  -32.917  15.581  23.692 0.0000000000
158763  -32.659  14.690  22.290 0.0000000000
158784  -32.298  15.018  21.889 0.0000000000
158785  -32.658  14.551  21.592 0.0000000000
160267  -31.980  15.554  21.413 0.0000000000
158805  -32.383  15.006  21.251 0.0000000000
158806  -32.826  14.589  20.735 0.0000000000
160284  -32.335  15.468  20.687 0.0000000000
161854  -31.944  15.906  20.885 0.0000000000
160285  -32.805  15.276  20.077 0.0000000000
161868  -32.100  16.307  20.329 0.0000000000
161869  -32.509  15.777  20.225 0.0000000000
158825  -33.214  14.523  19.824 0.0000000000
160299  -33.331  15.323  19.305 0.0000000000
161879  -32.801  16.066  19.788 0.0000000000
161796  -32.763  16.126  23.953 0.0000000000
161773  -32.652  16.620  24.080 0.0000000000
161774  -33.220  16.228  24.278 0.0000000000
163448  -30.974  16.929  21.039 0.0000000000
161867  -31.593  16.661  20.514 0.0000000000
163463  -31.212  17.163  20.471 0.0000000000
163379  -32.592  17.122  24.149 0.0000000000
164889  -32.600  17.700  24.238 0.0000000000
164911  -32.051  17.849  23.954 0.0000000000
164949  -30.364  17.788  21.170 0.0000000000
163462  -30.731  17.380  20.881 0.0000000000
163380  -33.018  17.085  24.377 0.0000000000
164890  -33.239  17.766  24.622 0.0000000000
166313  -32.929  18.435  24.508 0.0000000000
163381  -33.837  17.087  24.822 0.0000000000
164891  -33.705  17.918  24.916 0.0000000000
166314  -33.408  18.355  24.782 0.0000000000
167630  -35.063  19.235  29.420 0.0000000000
167650  -35.687  19.292  28.716 0.0000000000
167669  -35.669  19.642  27.979 0.0000000000
167631  -35.876  18.927  29.546 0.0000000000
167651  -36.487  19.472  28.632 0.0000000000
167670  -36.051  19.574  28.314 0.0000000000
167632  -36.725  19.076  29.300 0.0000000000
167652  -37.194  19.538  28.891 0.0000000000
169023  -37.166  19.881  28.350 0.0000000000
169022  -36.762  19.839  28.189 0.0000000000
169045  -36.364  19.842  27.929 0.0000000000
167633  -37.345  19.180  29.319 0.0000000000
167653  -37.596  19.533  29.061 0.0000000000
169024  -37.879  19.969  28.642 0.0000000000
167634  -37.992  19.381  29.365 0.0000000000
167684  -35.606  19.761  27.143 0.0000000000
169044  -36.021  19.800  27.708 0.0000000000
169070  -35.855  19.780  27.535 0.0000000000
167700  -35.244  19.562  26.316 0.0000000000
167701  -36.081  19.380  26.382 0.0000000000
167685  -36.458  19.786  26.823 0.0000000000
169071  -36.181  19.868  27.398 0.0000000000
167702  -36.897  19.246  26.401 0.0000000000
167686  -37.226  19.721  26.780 0.0000000000
169072  -36.779  20.037  27.298 0.0000000000
169046  -37.031  20.059  27.819 0.0000000000
169047  -37.680  20.208  27.862 0.0000000000
169073  -37.489  20.088  27.243 0.0000000000
