#!ascii label  , from subject  vox2ras=TkReg
642
67095  -39.313  -34.675  -25.272 0.0000000000
65725  -39.806  -35.458  -25.144 0.0000000000
65724  -38.956  -35.476  -25.148 0.0000000000
67094  -38.469  -34.695  -25.073 0.0000000000
67096  -40.366  -34.486  -25.500 0.0000000000
68467  -38.704  -33.892  -25.119 0.0000000000
68468  -39.491  -33.819  -25.388 0.0000000000
67085  -40.889  -34.555  -24.968 0.0000000000
65726  -40.458  -35.158  -25.071 0.0000000000
67086  -41.159  -34.280  -25.563 0.0000000000
67097  -41.017  -33.992  -25.791 0.0000000000
68469  -40.151  -33.616  -25.632 0.0000000000
67103  -40.649  -33.900  -25.754 0.0000000000
68470  -41.618  -33.774  -25.875 0.0000000000
67104  -40.903  -33.728  -25.858 0.0000000000
68478  -41.021  -33.437  -26.224 0.0000000000
68477  -40.645  -33.419  -25.827 0.0000000000
68466  -37.959  -33.900  -24.857 0.0000000000
69794  -38.136  -33.101  -24.905 0.0000000000
69795  -38.835  -33.065  -25.158 0.0000000000
69796  -39.520  -32.973  -25.411 0.0000000000
69797  -40.147  -32.850  -25.659 0.0000000000
68459  -41.504  -33.930  -25.353 0.0000000000
69798  -41.985  -33.509  -25.570 0.0000000000
68471  -41.683  -33.282  -26.127 0.0000000000
69799  -42.125  -33.038  -25.977 0.0000000000
68479  -41.503  -33.093  -26.191 0.0000000000
69807  -41.770  -32.766  -26.243 0.0000000000
69805  -40.728  -32.772  -25.929 0.0000000000
69806  -41.278  -32.723  -26.150 0.0000000000
69793  -37.488  -33.106  -24.589 0.0000000000
71103  -37.637  -32.316  -24.668 0.0000000000
71104  -38.250  -32.305  -24.969 0.0000000000
71105  -38.907  -32.240  -25.169 0.0000000000
71106  -39.571  -32.140  -25.399 0.0000000000
71107  -40.217  -32.047  -25.701 0.0000000000
69787  -41.954  -33.188  -24.895 0.0000000000
69788  -42.282  -32.996  -25.531 0.0000000000
71108  -42.652  -32.306  -25.800 0.0000000000
71116  -42.280  -32.078  -26.259 0.0000000000
71114  -40.869  -32.026  -26.005 0.0000000000
71115  -41.520  -32.068  -26.288 0.0000000000
71095  -37.209  -32.322  -24.117 0.0000000000
72424  -37.325  -31.516  -24.240 0.0000000000
72432  -37.778  -31.567  -24.753 0.0000000000
72433  -38.319  -31.533  -24.994 0.0000000000
72434  -38.936  -31.392  -25.195 0.0000000000
72435  -39.614  -31.289  -25.476 0.0000000000
72436  -40.318  -31.132  -25.788 0.0000000000
71098  -42.290  -32.454  -25.240 0.0000000000
72437  -42.773  -31.871  -25.400 0.0000000000
71109  -42.866  -31.774  -26.187 0.0000000000
72438  -43.310  -31.374  -25.837 0.0000000000
71117  -42.710  -31.622  -26.367 0.0000000000
72448  -43.087  -31.160  -26.447 0.0000000000
72445  -41.106  -31.287  -26.062 0.0000000000
72446  -41.812  -31.341  -26.253 0.0000000000
72447  -42.449  -31.267  -26.396 0.0000000000
72417  -37.190  -31.556  -23.496 0.0000000000
73751  -37.210  -30.728  -23.616 0.0000000000
73759  -37.496  -30.654  -24.468 0.0000000000
73768  -37.913  -31.088  -24.843 0.0000000000
73769  -38.182  -30.604  -25.019 0.0000000000
73770  -38.993  -30.542  -25.286 0.0000000000
73771  -39.672  -30.458  -25.470 0.0000000000
73772  -40.151  -30.301  -25.667 0.0000000000
73780  -40.716  -30.479  -25.830 0.0000000000
72426  -42.385  -31.647  -24.897 0.0000000000
72427  -43.012  -31.352  -25.246 0.0000000000
73773  -43.496  -30.825  -25.292 0.0000000000
72449  -43.707  -31.126  -26.371 0.0000000000
72439  -44.017  -31.072  -25.817 0.0000000000
73774  -44.021  -30.594  -25.821 0.0000000000
73784  -44.062  -30.750  -26.294 0.0000000000
73781  -41.385  -30.581  -26.039 0.0000000000
73782  -42.039  -30.606  -26.242 0.0000000000
73783  -42.633  -30.557  -26.420 0.0000000000
72457  -43.444  -30.915  -26.506 0.0000000000
72456  -43.052  -30.667  -26.730 0.0000000000
73791  -42.896  -30.280  -26.659 0.0000000000
73792  -43.654  -30.501  -26.496 0.0000000000
73741  -37.252  -30.805  -22.817 0.0000000000
75011  -37.274  -30.016  -22.888 0.0000000000
75022  -37.354  -29.898  -23.657 0.0000000000
75030  -37.553  -29.909  -24.223 0.0000000000
73760  -37.766  -30.087  -24.620 0.0000000000
75031  -37.881  -29.547  -24.297 0.0000000000
75039  -38.049  -29.850  -24.778 0.0000000000
75040  -38.481  -29.723  -25.083 0.0000000000
75041  -39.140  -29.774  -25.358 0.0000000000
75042  -39.730  -29.710  -25.562 0.0000000000
75050  -40.325  -29.722  -25.746 0.0000000000
73763  -42.939  -30.870  -24.852 0.0000000000
75043  -43.403  -30.357  -24.922 0.0000000000
75044  -43.960  -30.086  -25.243 0.0000000000
73785  -44.371  -30.334  -26.310 0.0000000000
73775  -44.379  -30.175  -26.042 0.0000000000
75045  -44.449  -29.933  -25.755 0.0000000000
75054  -44.699  -29.789  -26.257 0.0000000000
75051  -40.957  -29.808  -25.889 0.0000000000
75052  -41.613  -29.869  -26.028 0.0000000000
75053  -42.253  -29.881  -26.219 0.0000000000
75061  -42.838  -29.883  -26.365 0.0000000000
73793  -44.076  -30.355  -26.454 0.0000000000
75063  -44.153  -29.716  -26.527 0.0000000000
75062  -43.395  -29.835  -26.485 0.0000000000
75000  -37.308  -30.080  -22.110 0.0000000000
76346  -37.441  -29.309  -22.165 0.0000000000
76357  -37.467  -29.383  -22.926 0.0000000000
76368  -37.597  -29.323  -23.417 0.0000000000
75023  -37.615  -29.504  -23.876 0.0000000000
76369  -38.031  -29.098  -23.610 0.0000000000
76377  -38.222  -29.198  -24.169 0.0000000000
75032  -38.206  -29.427  -24.593 0.0000000000
76378  -38.624  -29.053  -24.434 0.0000000000
76388  -38.870  -29.246  -25.015 0.0000000000
76389  -39.331  -29.019  -25.236 0.0000000000
76390  -39.900  -28.997  -25.669 0.0000000000
75034  -42.977  -30.067  -24.437 0.0000000000
75035  -43.600  -29.869  -24.787 0.0000000000
76391  -43.976  -29.508  -24.934 0.0000000000
76392  -44.536  -29.281  -25.316 0.0000000000
76404  -44.836  -29.415  -25.882 0.0000000000
76399  -40.537  -29.062  -25.875 0.0000000000
76400  -41.168  -29.130  -25.916 0.0000000000
76401  -41.824  -29.141  -25.986 0.0000000000
76402  -42.533  -29.142  -26.123 0.0000000000
75055  -44.750  -29.313  -26.582 0.0000000000
76405  -45.249  -28.957  -26.323 0.0000000000
75064  -44.508  -29.145  -26.606 0.0000000000
76414  -44.835  -28.597  -26.654 0.0000000000
76411  -43.077  -29.368  -26.320 0.0000000000
76412  -43.554  -29.037  -26.360 0.0000000000
76413  -44.211  -28.822  -26.512 0.0000000000
76335  -37.347  -29.391  -21.403 0.0000000000
77700  -37.510  -28.726  -21.411 0.0000000000
77714  -37.681  -28.719  -21.945 0.0000000000
76347  -37.661  -28.962  -22.442 0.0000000000
76358  -37.839  -28.989  -22.918 0.0000000000
77715  -38.062  -28.553  -22.216 0.0000000000
77728  -38.301  -28.657  -22.885 0.0000000000
77742  -38.489  -28.752  -23.392 0.0000000000
76370  -38.432  -28.921  -23.867 0.0000000000
77743  -38.909  -28.669  -23.652 0.0000000000
77753  -39.095  -28.688  -24.221 0.0000000000
76379  -39.048  -28.862  -24.708 0.0000000000
77754  -39.500  -28.496  -24.529 0.0000000000
77763  -39.744  -28.497  -25.162 0.0000000000
77764  -40.313  -28.263  -25.456 0.0000000000
76381  -43.643  -29.260  -24.416 0.0000000000
76382  -44.197  -29.048  -24.802 0.0000000000
77766  -44.568  -28.699  -24.914 0.0000000000
76393  -45.056  -28.914  -25.738 0.0000000000
77767  -45.037  -28.442  -25.276 0.0000000000
77776  -45.403  -28.290  -25.878 0.0000000000
77771  -40.793  -28.550  -25.862 0.0000000000
77772  -41.316  -28.363  -25.910 0.0000000000
77773  -42.004  -28.403  -25.992 0.0000000000
77774  -42.601  -28.333  -26.085 0.0000000000
76403  -43.006  -28.851  -26.183 0.0000000000
77775  -43.168  -28.280  -26.212 0.0000000000
76406  -45.303  -28.307  -26.579 0.0000000000
77777  -45.728  -28.100  -26.423 0.0000000000
76415  -45.158  -28.106  -26.677 0.0000000000
77785  -45.467  -27.658  -26.733 0.0000000000
77782  -43.758  -28.227  -26.341 0.0000000000
77783  -44.330  -28.044  -26.548 0.0000000000
77784  -44.914  -27.742  -26.695 0.0000000000
77680  -37.330  -28.731  -20.737 0.0000000000
77681  -37.719  -28.204  -20.739 0.0000000000
77701  -37.998  -28.282  -21.405 0.0000000000
79076  -38.203  -27.771  -20.695 0.0000000000
79097  -38.459  -27.880  -21.174 0.0000000000
77702  -38.433  -28.180  -21.667 0.0000000000
77716  -38.711  -28.288  -22.191 0.0000000000
79098  -38.932  -27.815  -21.411 0.0000000000
79112  -39.216  -27.936  -21.924 0.0000000000
77729  -38.847  -28.521  -22.905 0.0000000000
77717  -39.191  -28.222  -22.418 0.0000000000
77730  -39.447  -28.329  -22.974 0.0000000000
79113  -39.674  -27.843  -22.207 0.0000000000
79123  -39.955  -27.946  -22.765 0.0000000000
77744  -39.476  -28.442  -23.757 0.0000000000
77731  -39.891  -28.186  -23.290 0.0000000000
77745  -40.004  -28.186  -23.886 0.0000000000
79124  -40.446  -27.763  -23.135 0.0000000000
79135  -40.516  -27.854  -23.986 0.0000000000
77755  -40.090  -28.158  -24.631 0.0000000000
79147  -40.600  -27.818  -24.708 0.0000000000
79154  -40.778  -27.840  -25.241 0.0000000000
77765  -40.829  -28.082  -25.658 0.0000000000
79155  -41.134  -27.594  -25.533 0.0000000000
77757  -44.258  -28.472  -24.384 0.0000000000
77758  -44.786  -28.212  -24.758 0.0000000000
79156  -45.175  -27.656  -24.916 0.0000000000
79166  -45.433  -27.831  -25.467 0.0000000000
79162  -41.610  -27.728  -25.965 0.0000000000
79163  -42.138  -27.704  -26.044 0.0000000000
79164  -42.718  -27.584  -26.140 0.0000000000
79165  -43.326  -27.579  -26.239 0.0000000000
79167  -45.820  -27.382  -25.934 0.0000000000
79176  -45.928  -27.323  -26.569 0.0000000000
79173  -43.841  -27.489  -26.352 0.0000000000
79174  -44.365  -27.259  -26.536 0.0000000000
79175  -44.883  -27.036  -26.706 0.0000000000
77790  -45.230  -27.321  -26.758 0.0000000000
77791  -45.447  -27.204  -26.818 0.0000000000
79183  -45.702  -26.871  -26.854 0.0000000000
79182  -45.294  -26.877  -26.833 0.0000000000
79061  -37.935  -27.651  -19.960 0.0000000000
79062  -38.486  -27.401  -20.172 0.0000000000
79077  -38.825  -27.492  -20.654 0.0000000000
80524  -39.019  -26.919  -19.937 0.0000000000
80540  -39.316  -27.114  -20.444 0.0000000000
79078  -39.313  -27.408  -20.895 0.0000000000
79099  -39.593  -27.521  -21.419 0.0000000000
80541  -39.838  -26.975  -20.664 0.0000000000
80562  -40.084  -27.150  -21.226 0.0000000000
79100  -40.058  -27.422  -21.709 0.0000000000
79114  -40.292  -27.537  -22.276 0.0000000000
80563  -40.569  -26.921  -21.527 0.0000000000
80577  -40.928  -27.125  -22.448 0.0000000000
80588  -40.946  -27.431  -23.054 0.0000000000
79125  -40.888  -27.569  -23.487 0.0000000000
79136  -41.020  -27.524  -24.070 0.0000000000
80589  -41.386  -27.074  -23.243 0.0000000000
80602  -41.444  -27.065  -24.207 0.0000000000
79148  -41.054  -27.469  -24.799 0.0000000000
80614  -41.418  -27.032  -24.988 0.0000000000
80621  -41.565  -27.113  -25.664 0.0000000000
79150  -44.791  -27.716  -24.324 0.0000000000
80623  -45.144  -27.285  -24.496 0.0000000000
79157  -45.533  -27.264  -25.317 0.0000000000
80624  -45.400  -26.780  -24.752 0.0000000000
80633  -45.804  -26.631  -25.444 0.0000000000
80629  -41.836  -27.332  -25.949 0.0000000000
80630  -42.157  -26.861  -25.880 0.0000000000
80631  -43.005  -26.730  -26.165 0.0000000000
80632  -43.472  -27.115  -26.263 0.0000000000
79168  -46.170  -26.888  -26.358 0.0000000000
80634  -46.085  -26.478  -26.023 0.0000000000
79177  -46.046  -26.696  -26.687 0.0000000000
80642  -46.282  -26.295  -26.496 0.0000000000
80639  -43.739  -26.637  -26.310 0.0000000000
80640  -44.418  -26.508  -26.587 0.0000000000
80641  -44.948  -26.390  -26.812 0.0000000000
79184  -45.928  -26.495  -26.844 0.0000000000
80650  -46.070  -26.147  -26.781 0.0000000000
80648  -45.421  -26.300  -26.921 0.0000000000
80649  -45.805  -26.175  -26.914 0.0000000000
80523  -38.419  -27.109  -19.718 0.0000000000
80502  -38.638  -26.643  -19.422 0.0000000000
82110  -39.245  -26.096  -19.442 0.0000000000
82136  -39.508  -26.516  -19.830 0.0000000000
80525  -39.567  -26.751  -20.151 0.0000000000
82137  -40.118  -26.188  -19.993 0.0000000000
82153  -40.256  -26.605  -20.537 0.0000000000
80542  -40.296  -26.809  -20.914 0.0000000000
82154  -40.686  -26.338  -20.711 0.0000000000
82176  -41.035  -26.360  -21.265 0.0000000000
80564  -41.145  -26.576  -21.773 0.0000000000
80578  -41.625  -26.437  -22.245 0.0000000000
82177  -41.554  -26.010  -21.448 0.0000000000
82193  -41.789  -26.021  -21.831 0.0000000000
80590  -41.934  -26.406  -22.910 0.0000000000
80579  -41.980  -26.160  -22.450 0.0000000000
82194  -42.048  -25.861  -22.060 0.0000000000
82205  -42.266  -25.885  -22.643 0.0000000000
80603  -41.880  -26.595  -23.680 0.0000000000
82217  -42.258  -26.082  -23.299 0.0000000000
80615  -41.832  -26.611  -24.460 0.0000000000
82226  -42.231  -26.151  -23.995 0.0000000000
80622  -41.845  -26.640  -25.183 0.0000000000
82234  -42.162  -26.160  -24.698 0.0000000000
82241  -42.170  -26.228  -25.309 0.0000000000
82242  -42.549  -25.948  -25.681 0.0000000000
80638  -43.285  -26.264  -26.235 0.0000000000
82249  -42.992  -25.855  -26.142 0.0000000000
82236  -45.723  -25.946  -25.011 0.0000000000
82243  -45.973  -25.838  -25.681 0.0000000000
82244  -46.238  -25.739  -26.234 0.0000000000
82250  -43.460  -25.830  -26.301 0.0000000000
82251  -44.023  -25.856  -26.385 0.0000000000
82252  -44.599  -25.803  -26.583 0.0000000000
82259  -45.124  -25.730  -26.775 0.0000000000
82253  -46.275  -25.632  -26.688 0.0000000000
82260  -45.577  -25.635  -26.973 0.0000000000
82261  -46.012  -25.489  -26.948 0.0000000000
82111  -39.789  -25.713  -19.494 0.0000000000
83856  -40.199  -25.263  -19.502 0.0000000000
82138  -40.738  -25.918  -20.267 0.0000000000
83857  -40.971  -25.294  -20.012 0.0000000000
83877  -41.097  -25.779  -20.498 0.0000000000
82155  -41.223  -25.956  -20.922 0.0000000000
83878  -41.703  -25.259  -20.787 0.0000000000
83900  -41.873  -25.578  -21.327 0.0000000000
82178  -41.919  -25.757  -21.622 0.0000000000
83901  -42.220  -25.216  -21.565 0.0000000000
83923  -42.416  -25.441  -22.195 0.0000000000
83935  -42.574  -25.458  -22.649 0.0000000000
82206  -42.544  -25.682  -23.031 0.0000000000
82218  -42.594  -25.675  -23.575 0.0000000000
83936  -42.820  -25.152  -23.057 0.0000000000
83945  -42.866  -25.103  -23.827 0.0000000000
82227  -42.562  -25.691  -24.267 0.0000000000
83955  -42.795  -25.159  -24.542 0.0000000000
82235  -42.485  -25.734  -24.956 0.0000000000
83962  -42.710  -25.215  -25.191 0.0000000000
83968  -42.849  -25.214  -25.755 0.0000000000
83963  -45.951  -25.143  -25.263 0.0000000000
83969  -46.209  -25.085  -25.949 0.0000000000
83970  -46.432  -25.042  -26.519 0.0000000000
83975  -43.180  -25.181  -26.164 0.0000000000
83976  -43.674  -25.173  -26.324 0.0000000000
83977  -44.222  -25.148  -26.470 0.0000000000
83978  -44.776  -25.111  -26.664 0.0000000000
83979  -46.417  -24.998  -27.012 0.0000000000
83984  -45.274  -25.056  -26.891 0.0000000000
83985  -45.732  -24.962  -27.070 0.0000000000
83986  -46.119  -24.837  -27.187 0.0000000000
85584  -40.640  -24.477  -19.584 0.0000000000
83858  -41.476  -24.824  -20.248 0.0000000000
85585  -41.269  -24.352  -19.999 0.0000000000
85608  -41.807  -24.343  -20.412 0.0000000000
83879  -42.136  -24.847  -21.110 0.0000000000
85609  -42.161  -24.439  -20.870 0.0000000000
85625  -42.449  -24.485  -21.286 0.0000000000
83902  -42.536  -25.074  -21.997 0.0000000000
85626  -42.726  -24.558  -21.926 0.0000000000
83924  -42.709  -25.049  -22.391 0.0000000000
85647  -42.973  -24.516  -22.652 0.0000000000
85667  -43.168  -24.431  -23.363 0.0000000000
85681  -43.137  -24.453  -24.169 0.0000000000
85694  -42.956  -24.724  -24.813 0.0000000000
85699  -42.937  -24.622  -25.309 0.0000000000
85705  -43.083  -24.560  -25.810 0.0000000000
85706  -46.191  -24.377  -25.579 0.0000000000
85707  -46.532  -24.370  -26.249 0.0000000000
85716  -46.653  -24.361  -26.889 0.0000000000
85712  -43.378  -24.526  -26.194 0.0000000000
85713  -43.850  -24.486  -26.402 0.0000000000
85714  -44.401  -24.443  -26.624 0.0000000000
85715  -44.946  -24.451  -26.822 0.0000000000
85723  -46.427  -24.358  -27.410 0.0000000000
85721  -45.401  -24.399  -27.042 0.0000000000
85722  -45.883  -24.300  -27.257 0.0000000000
87317  -41.654  -23.506  -20.168 0.0000000000
87318  -42.349  -23.635  -20.711 0.0000000000
87336  -42.467  -24.073  -21.035 0.0000000000
87337  -42.799  -23.722  -21.405 0.0000000000
87351  -43.145  -23.774  -22.378 0.0000000000
87375  -43.189  -24.119  -22.871 0.0000000000
85682  -43.275  -24.184  -23.736 0.0000000000
85668  -43.334  -24.045  -23.528 0.0000000000
87376  -43.395  -23.755  -23.138 0.0000000000
87397  -43.393  -23.802  -23.894 0.0000000000
87396  -43.284  -24.015  -24.355 0.0000000000
87414  -43.166  -24.155  -24.804 0.0000000000
87420  -43.105  -23.941  -25.385 0.0000000000
87428  -43.175  -23.893  -25.941 0.0000000000
85700  -45.937  -24.391  -24.809 0.0000000000
87429  -46.184  -23.651  -25.138 0.0000000000
87430  -46.456  -23.644  -25.913 0.0000000000
87439  -46.712  -23.620  -26.644 0.0000000000
87435  -43.432  -23.865  -26.403 0.0000000000
87436  -43.965  -23.800  -26.616 0.0000000000
87437  -44.631  -23.676  -26.865 0.0000000000
87438  -45.106  -24.021  -26.963 0.0000000000
87446  -46.640  -23.651  -27.285 0.0000000000
87444  -45.358  -23.581  -27.223 0.0000000000
87445  -46.126  -23.628  -27.461 0.0000000000
88900  -42.142  -22.847  -20.447 0.0000000000
87319  -42.700  -23.266  -21.032 0.0000000000
88901  -42.610  -22.831  -20.837 0.0000000000
88923  -42.895  -22.886  -21.317 0.0000000000
88939  -43.168  -23.030  -21.902 0.0000000000
87352  -43.379  -23.441  -22.737 0.0000000000
88940  -43.401  -23.064  -22.517 0.0000000000
88959  -43.484  -23.187  -22.966 0.0000000000
88976  -43.533  -23.154  -23.499 0.0000000000
87415  -43.363  -23.647  -24.534 0.0000000000
88993  -43.518  -23.138  -24.195 0.0000000000
87421  -43.261  -23.666  -24.985 0.0000000000
89003  -43.403  -23.109  -24.919 0.0000000000
89002  -43.230  -23.491  -25.223 0.0000000000
89009  -43.167  -23.268  -25.545 0.0000000000
89016  -43.161  -23.217  -26.161 0.0000000000
89011  -46.274  -22.916  -25.516 0.0000000000
89012  -46.554  -22.908  -26.325 0.0000000000
89017  -43.449  -23.168  -26.709 0.0000000000
89018  -44.005  -23.249  -26.862 0.0000000000
87443  -44.833  -23.177  -27.086 0.0000000000
89025  -44.282  -22.838  -27.117 0.0000000000
89020  -46.580  -22.787  -27.127 0.0000000000
89026  -44.953  -22.718  -27.353 0.0000000000
89027  -45.897  -22.662  -27.446 0.0000000000
89028  -46.410  -23.158  -27.484 0.0000000000
90318  -42.443  -22.206  -20.656 0.0000000000
90337  -42.831  -22.190  -21.155 0.0000000000
90353  -43.149  -22.328  -21.700 0.0000000000
90354  -43.390  -22.427  -22.251 0.0000000000
90368  -43.521  -22.539  -23.000 0.0000000000
90387  -43.592  -22.520  -23.834 0.0000000000
90407  -43.595  -22.611  -24.464 0.0000000000
90421  -43.587  -22.383  -24.957 0.0000000000
89010  -43.383  -22.705  -25.350 0.0000000000
90430  -43.233  -22.617  -25.799 0.0000000000
90431  -43.418  -22.168  -25.424 0.0000000000
90432  -46.203  -22.133  -26.020 0.0000000000
90433  -46.479  -22.443  -26.722 0.0000000000
90436  -43.118  -22.465  -26.390 0.0000000000
90437  -43.351  -22.560  -26.864 0.0000000000
89024  -43.724  -22.795  -26.955 0.0000000000
90439  -46.500  -22.414  -27.000 0.0000000000
89019  -46.324  -22.470  -27.359 0.0000000000
90438  -46.276  -22.023  -27.045 0.0000000000
90445  -43.562  -22.222  -27.232 0.0000000000
90446  -44.288  -22.086  -27.502 0.0000000000
90447  -45.057  -21.941  -27.652 0.0000000000
90448  -45.717  -21.628  -27.677 0.0000000000
91773  -42.574  -21.438  -20.892 0.0000000000
91795  -43.121  -21.525  -21.700 0.0000000000
91796  -43.300  -21.976  -22.025 0.0000000000
91811  -43.425  -21.681  -22.522 0.0000000000
91828  -43.538  -21.810  -23.476 0.0000000000
91847  -43.598  -21.927  -24.370 0.0000000000
91862  -43.531  -21.792  -25.047 0.0000000000
91872  -43.242  -21.913  -25.836 0.0000000000
91873  -43.383  -21.648  -25.420 0.0000000000
90422  -46.013  -22.225  -24.998 0.0000000000
91864  -45.726  -21.463  -25.248 0.0000000000
91875  -45.790  -21.012  -26.237 0.0000000000
91883  -43.050  -21.621  -26.361 0.0000000000
90444  -43.161  -22.085  -26.813 0.0000000000
91884  -45.886  -21.029  -27.266 0.0000000000
91890  -43.045  -21.484  -27.045 0.0000000000
91891  -43.551  -21.377  -27.639 0.0000000000
91892  -44.363  -21.373  -27.858 0.0000000000
91893  -45.055  -21.201  -28.029 0.0000000000
91894  -45.654  -20.799  -28.001 0.0000000000
93344  -42.794  -20.850  -21.411 0.0000000000
91810  -43.253  -21.216  -22.188 0.0000000000
93357  -43.055  -20.711  -22.056 0.0000000000
93358  -43.298  -21.023  -22.533 0.0000000000
93374  -43.400  -21.101  -23.150 0.0000000000
93395  -43.496  -21.185  -23.983 0.0000000000
93414  -43.522  -21.293  -24.788 0.0000000000
93428  -43.441  -21.418  -25.210 0.0000000000
93427  -43.296  -20.989  -25.530 0.0000000000
93439  -42.930  -20.753  -26.505 0.0000000000
93445  -42.831  -20.627  -27.389 0.0000000000
93446  -43.284  -20.701  -27.909 0.0000000000
91898  -43.829  -20.872  -27.962 0.0000000000
91899  -44.377  -20.717  -28.145 0.0000000000
91900  -45.014  -20.547  -28.192 0.0000000000
93454  -43.562  -20.226  -28.244 0.0000000000
93325  -42.422  -20.676  -21.026 0.0000000000
94813  -42.544  -20.039  -21.550 0.0000000000
94827  -42.916  -19.986  -22.347 0.0000000000
93373  -43.163  -20.526  -22.804 0.0000000000
94837  -42.973  -19.920  -23.149 0.0000000000
93394  -43.256  -20.520  -23.601 0.0000000000
94852  -43.004  -19.918  -24.020 0.0000000000
93413  -43.348  -20.604  -24.489 0.0000000000
94874  -43.080  -19.935  -24.947 0.0000000000
94893  -42.955  -19.917  -25.892 0.0000000000
94904  -42.705  -19.847  -26.760 0.0000000000
94911  -42.494  -19.590  -27.534 0.0000000000
93453  -42.851  -20.213  -27.991 0.0000000000
83833  -39.538  -25.263  -19.223 0.0000000000
80501  -38.014  -26.932  -19.180 0.0000000000
77664  -37.504  -28.214  -20.220 0.0000000000
79060  -37.468  -27.975  -19.727 0.0000000000
79041  -37.629  -27.550  -19.374 0.0000000000
76316  -37.314  -29.446  -20.642 0.0000000000
77663  -37.292  -28.679  -19.921 0.0000000000
76380  -43.073  -29.437  -24.041 0.0000000000
76373  -43.365  -29.009  -23.875 0.0000000000
77756  -43.738  -28.674  -24.012 0.0000000000
76372  -42.822  -29.174  -23.481 0.0000000000
75026  -42.649  -29.749  -23.908 0.0000000000
74986  -37.339  -30.152  -21.337 0.0000000000
74967  -37.373  -30.240  -20.578 0.0000000000
76302  -37.275  -29.570  -19.889 0.0000000000
75033  -42.356  -30.204  -24.040 0.0000000000
73762  -42.277  -30.853  -24.363 0.0000000000
75025  -42.082  -29.908  -23.483 0.0000000000
73754  -41.930  -30.533  -23.883 0.0000000000
73730  -37.337  -30.873  -22.032 0.0000000000
73715  -37.398  -30.942  -21.256 0.0000000000
73694  -37.391  -31.024  -20.504 0.0000000000
74955  -37.295  -30.374  -19.865 0.0000000000
73682  -37.311  -31.118  -19.801 0.0000000000
74942  -37.188  -30.543  -19.239 0.0000000000
76290  -37.183  -29.806  -19.218 0.0000000000
73761  -41.661  -31.026  -24.026 0.0000000000
72425  -41.725  -31.602  -24.373 0.0000000000
73753  -41.323  -30.683  -23.482 0.0000000000
72419  -41.181  -31.519  -23.911 0.0000000000
72410  -37.271  -31.620  -22.720 0.0000000000
72396  -37.356  -31.680  -21.930 0.0000000000
72379  -37.383  -31.731  -21.148 0.0000000000
72361  -37.338  -31.780  -20.399 0.0000000000
72350  -37.264  -31.834  -19.690 0.0000000000
73670  -37.219  -31.206  -19.159 0.0000000000
72339  -37.131  -31.887  -18.986 0.0000000000
73650  -37.025  -31.199  -18.594 0.0000000000
74921  -37.058  -30.708  -18.766 0.0000000000
71097  -41.707  -32.454  -24.674 0.0000000000
71089  -41.248  -32.116  -24.238 0.0000000000
72418  -40.684  -31.433  -23.385 0.0000000000
71088  -40.637  -32.320  -23.804 0.0000000000
71086  -37.141  -32.377  -23.384 0.0000000000
71080  -37.226  -32.447  -22.600 0.0000000000
71067  -37.328  -32.492  -21.792 0.0000000000
71051  -37.325  -32.499  -21.000 0.0000000000
71035  -37.275  -32.509  -20.260 0.0000000000
71026  -37.191  -32.543  -19.572 0.0000000000
71096  -41.104  -32.683  -24.312 0.0000000000
69786  -41.275  -33.257  -24.605 0.0000000000
69779  -40.727  -33.220  -24.152 0.0000000000
69785  -37.043  -33.125  -24.025 0.0000000000
71087  -40.073  -32.538  -23.302 0.0000000000
69778  -40.198  -33.155  -23.615 0.0000000000
71082  -40.251  -31.972  -23.201 0.0000000000
71081  -39.819  -32.249  -22.690 0.0000000000
69770  -39.721  -33.053  -23.047 0.0000000000
69777  -37.009  -33.217  -23.266 0.0000000000
69769  -37.117  -33.299  -22.440 0.0000000000
69752  -37.243  -33.283  -21.593 0.0000000000
69736  -37.224  -33.210  -20.805 0.0000000000
69721  -37.187  -33.207  -20.104 0.0000000000
69712  -37.074  -33.222  -19.460 0.0000000000
71016  -37.033  -32.617  -18.977 0.0000000000
68465  -37.318  -33.904  -24.494 0.0000000000
68458  -41.302  -33.825  -24.914 0.0000000000
68452  -40.895  -33.917  -24.474 0.0000000000
68457  -36.851  -33.952  -23.934 0.0000000000
68451  -40.370  -33.920  -23.946 0.0000000000
68443  -39.771  -33.849  -23.384 0.0000000000
68450  -36.815  -34.138  -23.132 0.0000000000
69754  -39.353  -32.998  -22.323 0.0000000000
68425  -39.447  -33.586  -22.811 0.0000000000
68441  -36.960  -34.201  -22.190 0.0000000000
68423  -37.082  -33.933  -21.285 0.0000000000
68407  -37.082  -33.821  -20.585 0.0000000000
68396  -37.003  -33.914  -19.971 0.0000000000
67093  -37.710  -34.678  -24.837 0.0000000000
67092  -37.101  -34.693  -24.428 0.0000000000
67083  -36.625  -34.803  -23.889 0.0000000000
67077  -40.560  -34.473  -24.324 0.0000000000
67076  -39.919  -34.752  -23.835 0.0000000000
67074  -36.601  -34.819  -23.323 0.0000000000
68449  -36.692  -34.715  -22.799 0.0000000000
67073  -36.507  -35.242  -23.139 0.0000000000
67058  -36.549  -35.172  -22.539 0.0000000000
68440  -36.745  -34.723  -22.425 0.0000000000
68442  -39.403  -34.106  -22.968 0.0000000000
67061  -39.552  -34.373  -23.316 0.0000000000
68424  -39.080  -33.924  -22.333 0.0000000000
67060  -39.184  -34.774  -23.034 0.0000000000
67059  -36.740  -34.785  -22.142 0.0000000000
67043  -36.858  -34.619  -21.611 0.0000000000
67028  -36.909  -34.412  -20.904 0.0000000000
67015  -36.939  -34.224  -20.439 0.0000000000
65723  -38.173  -35.454  -24.993 0.0000000000
65722  -37.452  -35.425  -24.754 0.0000000000
65716  -36.876  -35.430  -24.405 0.0000000000
67084  -40.458  -34.940  -24.489 0.0000000000
65718  -40.577  -35.136  -24.771 0.0000000000
65717  -40.122  -35.486  -24.548 0.0000000000
65715  -36.504  -35.563  -24.015 0.0000000000
67082  -36.515  -35.232  -23.596 0.0000000000
65700  -36.407  -35.739  -23.547 0.0000000000
67075  -39.460  -35.178  -23.545 0.0000000000
65702  -39.632  -35.575  -23.899 0.0000000000
65701  -39.102  -35.591  -23.384 0.0000000000
65685  -36.417  -35.802  -22.982 0.0000000000
67044  -38.685  -34.817  -22.012 0.0000000000
65686  -38.671  -35.564  -22.641 0.0000000000
67042  -36.573  -35.200  -21.916 0.0000000000
65675  -36.461  -35.817  -22.347 0.0000000000
67027  -36.639  -35.088  -21.197 0.0000000000
67014  -36.712  -34.742  -20.295 0.0000000000
64313  -39.761  -36.218  -24.800 0.0000000000
64324  -39.295  -36.178  -25.082 0.0000000000
64323  -38.608  -36.194  -25.008 0.0000000000
64322  -37.872  -36.166  -24.847 0.0000000000
64321  -37.168  -36.123  -24.656 0.0000000000
64296  -39.740  -35.887  -24.249 0.0000000000
64311  -36.673  -36.026  -24.383 0.0000000000
64310  -36.361  -36.232  -24.029 0.0000000000
64295  -39.234  -36.260  -23.864 0.0000000000
64286  -38.665  -36.282  -23.120 0.0000000000
64294  -36.295  -36.385  -23.459 0.0000000000
65677  -38.310  -35.843  -21.729 0.0000000000
64271  -38.369  -36.177  -22.453 0.0000000000
64284  -36.344  -36.457  -22.824 0.0000000000
62851  -39.435  -36.552  -24.954 0.0000000000
62850  -38.945  -36.983  -25.014 0.0000000000
62849  -38.267  -36.869  -24.934 0.0000000000
62848  -37.548  -36.869  -24.751 0.0000000000
62835  -36.770  -36.816  -24.456 0.0000000000
64312  -39.481  -36.431  -24.411 0.0000000000
62837  -39.443  -36.688  -24.710 0.0000000000
62836  -39.132  -36.880  -24.330 0.0000000000
62834  -36.179  -36.952  -23.990 0.0000000000
62822  -38.736  -36.947  -23.632 0.0000000000
62820  -36.141  -37.131  -23.338 0.0000000000
64285  -38.318  -36.637  -22.673 0.0000000000
62812  -38.428  -36.878  -23.072 0.0000000000
64270  -38.153  -36.651  -22.023 0.0000000000
62811  -38.163  -37.260  -22.641 0.0000000000
64252  -38.160  -36.874  -21.228 0.0000000000
62799  -38.057  -37.471  -21.834 0.0000000000
65676  -38.156  -36.405  -21.563 0.0000000000
61339  -38.989  -37.359  -24.591 0.0000000000
61338  -38.603  -37.463  -24.877 0.0000000000
61337  -37.973  -37.532  -24.867 0.0000000000
61325  -37.273  -37.656  -24.699 0.0000000000
61326  -38.814  -37.431  -24.126 0.0000000000
61324  -36.432  -37.838  -24.305 0.0000000000
61312  -36.060  -37.475  -23.850 0.0000000000
62821  -38.387  -37.307  -23.237 0.0000000000
61314  -38.523  -37.624  -23.647 0.0000000000
61313  -38.225  -37.860  -23.134 0.0000000000
61304  -38.033  -38.082  -22.424 0.0000000000
62787  -38.225  -37.712  -21.117 0.0000000000
61294  -38.144  -38.269  -21.602 0.0000000000
59720  -38.729  -37.699  -24.495 0.0000000000
59719  -38.391  -38.023  -24.667 0.0000000000
59718  -37.822  -38.176  -24.744 0.0000000000
59708  -38.538  -37.976  -24.131 0.0000000000
59706  -37.232  -38.635  -24.602 0.0000000000
59698  -38.334  -38.194  -23.649 0.0000000000
59697  -38.122  -38.697  -23.130 0.0000000000
59691  -38.133  -38.907  -22.187 0.0000000000
59707  -38.153  -38.752  -24.189 0.0000000000
58021  -38.035  -39.461  -23.541 0.0000000000
58028  -37.940  -39.446  -24.025 0.0000000000
58027  -37.635  -39.485  -24.384 0.0000000000
58016  -38.175  -39.584  -22.750 0.0000000000
