#!ascii label  , from subject  vox2ras=TkReg
547
94783  -48.178  -19.779  -20.564 0.0000000000
93308  -48.239  -20.669  -20.246 0.0000000000
93307  -47.503  -20.565  -20.199 0.0000000000
94782  -47.381  -19.752  -20.362 0.0000000000
94784  -48.633  -20.193  -20.550 0.0000000000
96206  -47.773  -19.302  -20.605 0.0000000000
94799  -49.055  -19.758  -21.009 0.0000000000
94798  -48.547  -19.318  -20.945 0.0000000000
96219  -48.148  -18.866  -20.955 0.0000000000
93309  -49.002  -20.647  -20.498 0.0000000000
96220  -48.776  -18.907  -21.274 0.0000000000
93328  -49.315  -20.283  -20.873 0.0000000000
94800  -49.480  -20.117  -21.062 0.0000000000
94816  -49.784  -19.847  -21.494 0.0000000000
94815  -49.382  -19.565  -21.382 0.0000000000
96236  -49.290  -19.117  -21.644 0.0000000000
93329  -49.694  -20.656  -20.943 0.0000000000
93347  -49.926  -20.370  -21.301 0.0000000000
93348  -50.254  -20.654  -21.498 0.0000000000
94817  -50.328  -20.079  -22.042 0.0000000000
96237  -49.765  -19.037  -22.206 0.0000000000
94829  -50.153  -19.552  -22.294 0.0000000000
93361  -50.745  -20.603  -22.265 0.0000000000
94830  -50.608  -19.832  -22.708 0.0000000000
96252  -50.290  -18.995  -22.997 0.0000000000
93377  -50.974  -20.372  -22.847 0.0000000000
94839  -51.054  -19.863  -23.330 0.0000000000
96253  -50.681  -19.438  -23.189 0.0000000000
93378  -51.425  -20.717  -23.238 0.0000000000
94840  -51.491  -20.142  -23.771 0.0000000000
96265  -50.809  -19.074  -23.686 0.0000000000
94855  -51.303  -19.590  -23.931 0.0000000000
93398  -51.916  -20.711  -24.005 0.0000000000
94856  -51.692  -19.917  -24.406 0.0000000000
96275  -51.335  -19.084  -24.543 0.0000000000
93416  -52.112  -20.473  -24.621 0.0000000000
94877  -52.054  -19.966  -25.134 0.0000000000
96276  -51.679  -19.514  -24.844 0.0000000000
96205  -47.371  -18.834  -20.544 0.0000000000
96218  -47.817  -18.402  -20.943 0.0000000000
97705  -48.189  -17.975  -21.351 0.0000000000
97706  -48.514  -18.454  -21.376 0.0000000000
97720  -48.910  -18.105  -21.930 0.0000000000
97721  -49.402  -18.601  -22.120 0.0000000000
97739  -49.620  -18.182  -22.697 0.0000000000
96264  -50.477  -18.703  -23.522 0.0000000000
97750  -50.232  -18.195  -23.630 0.0000000000
97751  -50.572  -18.584  -23.763 0.0000000000
97767  -50.732  -18.427  -24.227 0.0000000000
97704  -47.548  -17.951  -20.898 0.0000000000
99309  -47.768  -17.260  -21.302 0.0000000000
97719  -48.456  -17.641  -21.787 0.0000000000
99319  -48.205  -17.222  -21.707 0.0000000000
99320  -48.548  -17.260  -22.096 0.0000000000
97738  -49.199  -17.769  -22.509 0.0000000000
99337  -48.955  -17.276  -22.518 0.0000000000
99338  -49.336  -17.516  -22.843 0.0000000000
99348  -49.689  -17.360  -23.409 0.0000000000
97766  -50.437  -17.930  -24.167 0.0000000000
99364  -50.122  -17.388  -24.173 0.0000000000
99308  -47.107  -17.233  -20.839 0.0000000000
101018  -47.537  -16.399  -21.396 0.0000000000
101019  -47.969  -16.812  -21.605 0.0000000000
101034  -48.232  -16.430  -22.099 0.0000000000
101035  -48.619  -16.861  -22.399 0.0000000000
101053  -48.830  -16.450  -22.769 0.0000000000
99347  -49.241  -17.002  -23.033 0.0000000000
101061  -49.369  -16.436  -23.614 0.0000000000
101062  -49.768  -16.902  -23.921 0.0000000000
101017  -46.618  -16.429  -20.844 0.0000000000
102676  -47.006  -15.607  -21.189 0.0000000000
101033  -47.813  -15.978  -21.819 0.0000000000
102695  -47.575  -15.529  -21.604 0.0000000000
102696  -47.999  -15.544  -22.035 0.0000000000
101052  -48.502  -16.099  -22.548 0.0000000000
102717  -48.369  -15.667  -22.453 0.0000000000
102718  -48.641  -15.839  -22.780 0.0000000000
102736  -48.934  -15.727  -23.217 0.0000000000
102675  -46.332  -15.607  -20.867 0.0000000000
104348  -46.605  -14.871  -21.104 0.0000000000
104371  -47.247  -14.841  -21.376 0.0000000000
104372  -47.738  -14.826  -21.831 0.0000000000
104389  -48.232  -14.850  -22.359 0.0000000000
104390  -48.603  -15.251  -22.851 0.0000000000
104347  -45.897  -14.922  -20.947 0.0000000000
105996  -46.161  -14.168  -21.158 0.0000000000
105997  -46.839  -14.144  -21.287 0.0000000000
106008  -47.424  -14.125  -21.567 0.0000000000
106009  -47.865  -14.089  -22.041 0.0000000000
106019  -48.292  -14.012  -22.551 0.0000000000
104411  -48.520  -14.595  -22.870 0.0000000000
105995  -45.451  -14.212  -21.138 0.0000000000
107587  -45.693  -13.452  -21.208 0.0000000000
107588  -46.420  -13.436  -21.239 0.0000000000
107589  -47.056  -13.466  -21.405 0.0000000000
107602  -47.523  -13.426  -21.717 0.0000000000
107603  -47.992  -13.303  -22.143 0.0000000000
106040  -48.654  -14.020  -23.108 0.0000000000
107620  -48.503  -13.226  -22.729 0.0000000000
107586  -44.953  -13.521  -21.354 0.0000000000
108935  -45.208  -12.675  -21.428 0.0000000000
108936  -45.943  -12.763  -21.213 0.0000000000
108937  -46.745  -12.666  -21.304 0.0000000000
108938  -47.249  -13.025  -21.462 0.0000000000
108953  -47.479  -12.569  -21.682 0.0000000000
108954  -48.161  -12.498  -22.201 0.0000000000
107601  -44.728  -12.891  -21.627 0.0000000000
108951  -44.825  -12.476  -21.712 0.0000000000
110444  -45.502  -12.244  -21.409 0.0000000000
110443  -45.224  -12.277  -21.552 0.0000000000
110461  -44.966  -11.947  -21.847 0.0000000000
110445  -46.080  -12.231  -21.340 0.0000000000
108952  -46.972  -12.186  -21.487 0.0000000000
110463  -46.457  -11.839  -21.521 0.0000000000
108950  -44.440  -12.451  -22.032 0.0000000000
110464  -47.098  -11.745  -21.658 0.0000000000
110465  -47.735  -11.768  -21.908 0.0000000000
110462  -45.716  -11.774  -21.548 0.0000000000
107600  -44.335  -13.418  -21.810 0.0000000000
108949  -43.939  -12.869  -22.310 0.0000000000
108972  -44.090  -12.353  -22.458 0.0000000000
110460  -44.542  -12.034  -22.134 0.0000000000
110484  -44.296  -11.772  -22.608 0.0000000000
107599  -43.833  -13.513  -22.225 0.0000000000
107619  -43.574  -13.279  -22.748 0.0000000000
108971  -43.753  -12.371  -22.945 0.0000000000
106006  -43.570  -13.991  -22.456 0.0000000000
106018  -43.155  -13.913  -23.140 0.0000000000
107644  -43.248  -13.050  -23.492 0.0000000000
107585  -44.591  -13.851  -21.471 0.0000000000
105993  -44.325  -14.236  -21.594 0.0000000000
106007  -43.919  -14.070  -21.998 0.0000000000
105994  -44.805  -14.276  -21.244 0.0000000000
104369  -43.369  -14.776  -22.571 0.0000000000
104388  -42.955  -14.662  -23.271 0.0000000000
106017  -42.914  -14.232  -23.479 0.0000000000
106038  -42.863  -13.847  -23.815 0.0000000000
106039  -43.044  -13.542  -23.529 0.0000000000
104387  -42.797  -14.516  -23.763 0.0000000000
104344  -43.839  -14.872  -21.844 0.0000000000
104370  -43.657  -14.422  -22.189 0.0000000000
104346  -45.160  -14.981  -20.999 0.0000000000
104345  -44.470  -14.960  -21.285 0.0000000000
102716  -43.035  -15.487  -23.220 0.0000000000
102715  -42.861  -15.040  -23.690 0.0000000000
102734  -42.773  -14.909  -24.129 0.0000000000
104410  -42.660  -14.384  -24.300 0.0000000000
104343  -43.552  -15.241  -22.186 0.0000000000
102694  -43.379  -15.638  -22.491 0.0000000000
102674  -45.597  -15.785  -20.638 0.0000000000
102673  -44.732  -15.790  -20.892 0.0000000000
102672  -44.056  -15.673  -21.381 0.0000000000
102671  -43.640  -15.684  -21.923 0.0000000000
102735  -42.960  -15.559  -24.147 0.0000000000
102756  -42.757  -14.978  -24.798 0.0000000000
101051  -43.302  -16.290  -22.949 0.0000000000
101060  -43.209  -16.279  -23.734 0.0000000000
101032  -43.481  -16.334  -22.248 0.0000000000
101016  -46.124  -16.098  -20.697 0.0000000000
101001  -45.860  -16.609  -20.592 0.0000000000
102659  -45.463  -16.335  -20.573 0.0000000000
102658  -45.141  -16.237  -20.637 0.0000000000
101015  -44.707  -16.597  -20.743 0.0000000000
101014  -44.209  -16.444  -21.130 0.0000000000
101013  -43.742  -16.370  -21.624 0.0000000000
101000  -45.230  -16.724  -20.589 0.0000000000
99336  -43.404  -16.958  -23.427 0.0000000000
99346  -43.432  -16.972  -24.176 0.0000000000
101076  -43.249  -16.329  -24.537 0.0000000000
99318  -43.464  -16.990  -22.690 0.0000000000
99304  -43.612  -17.012  -22.010 0.0000000000
99307  -46.556  -17.078  -20.635 0.0000000000
101002  -46.290  -16.863  -20.624 0.0000000000
99292  -44.813  -17.255  -20.689 0.0000000000
99306  -44.320  -17.171  -21.001 0.0000000000
99305  -43.883  -17.084  -21.437 0.0000000000
99294  -46.076  -17.363  -20.462 0.0000000000
99293  -45.386  -17.329  -20.490 0.0000000000
97749  -43.567  -17.559  -23.880 0.0000000000
97764  -43.662  -17.677  -24.588 0.0000000000
99363  -43.511  -16.990  -24.920 0.0000000000
97737  -43.561  -17.600  -23.192 0.0000000000
97717  -43.593  -17.696  -22.435 0.0000000000
97692  -46.918  -18.074  -20.518 0.0000000000
99295  -46.604  -17.554  -20.501 0.0000000000
97703  -44.462  -17.712  -20.905 0.0000000000
97702  -44.029  -17.921  -21.383 0.0000000000
97701  -43.711  -17.564  -21.809 0.0000000000
97691  -46.231  -18.118  -20.357 0.0000000000
97690  -45.527  -18.074  -20.370 0.0000000000
97689  -44.862  -17.998  -20.653 0.0000000000
96273  -43.712  -17.970  -24.179 0.0000000000
96274  -43.965  -18.483  -24.514 0.0000000000
97765  -43.877  -18.099  -25.118 0.0000000000
97784  -43.723  -17.578  -25.328 0.0000000000
96262  -43.716  -18.116  -23.740 0.0000000000
96250  -43.687  -18.239  -23.048 0.0000000000
97718  -43.746  -18.056  -21.994 0.0000000000
96234  -43.709  -18.325  -22.458 0.0000000000
97688  -44.402  -18.203  -20.978 0.0000000000
96216  -44.287  -18.762  -21.344 0.0000000000
96235  -43.936  -18.695  -22.051 0.0000000000
96204  -46.478  -18.849  -20.337 0.0000000000
96203  -45.722  -18.850  -20.351 0.0000000000
96202  -45.023  -18.820  -20.641 0.0000000000
96201  -44.591  -18.578  -20.870 0.0000000000
96263  -43.957  -18.753  -23.647 0.0000000000
94853  -44.376  -19.380  -24.314 0.0000000000
94875  -44.392  -19.162  -25.124 0.0000000000
96294  -44.159  -18.598  -25.403 0.0000000000
96251  -43.895  -18.824  -22.866 0.0000000000
94838  -44.253  -19.367  -23.409 0.0000000000
94828  -44.170  -19.383  -22.631 0.0000000000
94814  -44.260  -19.361  -21.928 0.0000000000
96217  -44.618  -19.034  -21.031 0.0000000000
94796  -44.495  -19.421  -21.418 0.0000000000
94781  -46.660  -19.642  -20.307 0.0000000000
94780  -45.927  -19.611  -20.376 0.0000000000
94779  -45.281  -19.590  -20.642 0.0000000000
94797  -44.826  -19.526  -21.045 0.0000000000
93396  -44.552  -19.900  -23.858 0.0000000000
93397  -44.848  -20.218  -24.616 0.0000000000
94854  -44.636  -19.737  -25.043 0.0000000000
93375  -44.500  -19.955  -23.168 0.0000000000
93359  -44.416  -19.963  -22.413 0.0000000000
93345  -44.495  -19.832  -21.841 0.0000000000
93327  -45.031  -20.289  -21.245 0.0000000000
93326  -44.677  -19.921  -21.486 0.0000000000
93306  -46.751  -20.476  -20.254 0.0000000000
93305  -46.078  -20.370  -20.396 0.0000000000
93304  -45.485  -20.327  -20.658 0.0000000000
93399  -52.273  -21.012  -24.471 0.0000000000
93417  -52.472  -20.896  -25.181 0.0000000000
91851  -52.527  -21.819  -24.512 0.0000000000
91850  -52.188  -21.278  -24.127 0.0000000000
91831  -51.964  -21.644  -23.586 0.0000000000
93376  -44.866  -20.499  -23.772 0.0000000000
91814  -51.347  -21.556  -22.575 0.0000000000
93362  -51.083  -20.868  -22.662 0.0000000000
93360  -44.793  -20.557  -22.934 0.0000000000
91813  -50.994  -21.110  -22.340 0.0000000000
91798  -50.818  -21.440  -21.845 0.0000000000
93346  -44.764  -20.413  -22.050 0.0000000000
91777  -50.360  -21.415  -21.196 0.0000000000
93330  -50.073  -21.025  -21.115 0.0000000000
91776  -49.972  -21.405  -20.820 0.0000000000
91758  -49.535  -21.411  -20.502 0.0000000000
93310  -49.336  -21.014  -20.540 0.0000000000
91757  -49.058  -21.397  -20.291 0.0000000000
91756  -48.429  -21.470  -20.035 0.0000000000
91755  -47.613  -21.500  -19.946 0.0000000000
91754  -46.850  -21.322  -20.176 0.0000000000
91753  -46.132  -21.232  -20.474 0.0000000000
91752  -45.691  -20.894  -20.659 0.0000000000
90409  -52.682  -22.695  -24.621 0.0000000000
90391  -52.432  -22.609  -24.124 0.0000000000
91832  -52.294  -22.137  -23.924 0.0000000000
90423  -52.990  -22.537  -25.155 0.0000000000
91865  -52.982  -21.791  -25.688 0.0000000000
90390  -52.101  -22.552  -23.594 0.0000000000
90371  -51.677  -22.539  -22.909 0.0000000000
90358  -51.356  -22.401  -22.174 0.0000000000
91799  -51.124  -21.916  -22.065 0.0000000000
90357  -50.998  -22.288  -21.656 0.0000000000
90341  -50.622  -22.072  -21.218 0.0000000000
90340  -50.232  -22.009  -20.824 0.0000000000
90324  -49.808  -22.009  -20.464 0.0000000000
90323  -49.216  -22.097  -20.146 0.0000000000
90322  -48.805  -21.791  -20.064 0.0000000000
90304  -48.502  -22.237  -19.819 0.0000000000
91741  -48.171  -21.901  -19.817 0.0000000000
91740  -47.986  -21.742  -19.826 0.0000000000
90303  -47.745  -22.215  -19.742 0.0000000000
90321  -47.340  -22.067  -19.840 0.0000000000
90320  -46.900  -22.159  -20.042 0.0000000000
89005  -52.856  -23.277  -24.969 0.0000000000
89006  -53.131  -23.208  -25.570 0.0000000000
90424  -53.165  -22.557  -25.840 0.0000000000
88995  -52.508  -23.289  -24.425 0.0000000000
88979  -52.217  -23.239  -23.859 0.0000000000
88978  -51.869  -23.223  -23.320 0.0000000000
88961  -51.631  -23.321  -22.836 0.0000000000
88943  -51.435  -23.160  -22.350 0.0000000000
88942  -51.116  -23.062  -21.754 0.0000000000
88926  -50.666  -22.937  -21.083 0.0000000000
88925  -50.429  -22.440  -20.876 0.0000000000
88905  -50.084  -22.783  -20.482 0.0000000000
88904  -49.653  -22.446  -20.221 0.0000000000
88880  -49.407  -22.958  -19.946 0.0000000000
90305  -48.962  -22.564  -19.853 0.0000000000
90302  -47.173  -22.466  -19.797 0.0000000000
88879  -48.695  -23.014  -19.577 0.0000000000
88878  -47.964  -22.939  -19.483 0.0000000000
88877  -47.248  -22.963  -19.590 0.0000000000
88903  -46.693  -22.985  -19.867 0.0000000000
87424  -53.151  -23.840  -26.003 0.0000000000
87423  -52.983  -23.916  -25.390 0.0000000000
89013  -53.217  -23.159  -26.210 0.0000000000
87417  -52.626  -24.055  -24.803 0.0000000000
87400  -52.301  -23.932  -24.179 0.0000000000
87399  -52.000  -23.887  -23.625 0.0000000000
87378  -51.707  -23.879  -23.095 0.0000000000
87355  -51.488  -23.860  -22.551 0.0000000000
87354  -51.197  -23.830  -21.998 0.0000000000
87339  -50.865  -23.798  -21.406 0.0000000000
87323  -50.541  -23.811  -20.845 0.0000000000
88906  -50.379  -23.308  -20.667 0.0000000000
87322  -50.120  -23.728  -20.367 0.0000000000
88881  -49.821  -23.311  -20.161 0.0000000000
87300  -49.650  -23.798  -19.886 0.0000000000
87299  -49.015  -23.765  -19.541 0.0000000000
87298  -48.194  -23.782  -19.243 0.0000000000
87297  -47.414  -23.591  -19.311 0.0000000000
87296  -46.592  -23.712  -19.555 0.0000000000
85702  -53.090  -24.523  -25.818 0.0000000000
85708  -53.195  -24.494  -26.440 0.0000000000
87431  -53.206  -23.782  -26.642 0.0000000000
85701  -52.857  -24.618  -25.299 0.0000000000
85696  -52.560  -24.789  -24.929 0.0000000000
85685  -52.349  -24.615  -24.467 0.0000000000
85684  -52.090  -24.550  -23.954 0.0000000000
85671  -51.771  -24.546  -23.429 0.0000000000
85651  -51.541  -24.502  -22.851 0.0000000000
85650  -51.311  -24.516  -22.298 0.0000000000
85629  -50.962  -24.631  -21.701 0.0000000000
85614  -50.661  -24.544  -21.137 0.0000000000
85613  -50.300  -24.566  -20.630 0.0000000000
85592  -49.892  -24.553  -20.091 0.0000000000
85591  -49.350  -24.557  -19.624 0.0000000000
85590  -48.677  -24.564  -19.249 0.0000000000
85568  -47.958  -24.641  -18.989 0.0000000000
87276  -47.559  -24.151  -19.093 0.0000000000
87275  -46.993  -24.137  -19.160 0.0000000000
85567  -47.255  -24.684  -18.888 0.0000000000
85566  -46.569  -24.593  -18.960 0.0000000000
87274  -46.615  -24.177  -19.245 0.0000000000
83972  -53.120  -25.222  -26.225 0.0000000000
83980  -53.192  -25.170  -26.914 0.0000000000
85717  -53.216  -24.449  -27.096 0.0000000000
83965  -52.989  -25.057  -25.674 0.0000000000
83964  -52.679  -25.360  -25.355 0.0000000000
83959  -52.325  -25.328  -24.741 0.0000000000
83949  -52.144  -25.057  -24.267 0.0000000000
83948  -51.842  -25.269  -23.881 0.0000000000
83940  -51.530  -25.241  -23.188 0.0000000000
83928  -51.374  -25.006  -22.643 0.0000000000
83927  -51.093  -25.280  -22.238 0.0000000000
83906  -50.802  -25.456  -21.625 0.0000000000
83884  -50.731  -25.019  -21.351 0.0000000000
83883  -50.457  -25.449  -21.032 0.0000000000
83864  -50.041  -25.318  -20.434 0.0000000000
83863  -49.612  -25.352  -19.904 0.0000000000
83862  -49.024  -25.349  -19.442 0.0000000000
83840  -48.378  -25.371  -19.025 0.0000000000
83839  -47.625  -25.407  -18.775 0.0000000000
83838  -46.843  -25.329  -18.677 0.0000000000
82255  -53.074  -25.914  -26.796 0.0000000000
82262  -53.130  -25.802  -27.390 0.0000000000
83987  -53.169  -25.129  -27.561 0.0000000000
82246  -52.996  -25.833  -26.221 0.0000000000
83971  -52.943  -25.529  -25.842 0.0000000000
82245  -52.699  -26.112  -25.884 0.0000000000
82238  -52.345  -26.095  -25.198 0.0000000000
82231  -52.136  -25.878  -24.667 0.0000000000
83958  -52.062  -25.522  -24.360 0.0000000000
82230  -51.825  -26.074  -24.304 0.0000000000
82220  -51.564  -25.941  -23.666 0.0000000000
82210  -51.338  -25.960  -23.157 0.0000000000
83939  -51.290  -25.496  -22.756 0.0000000000
82209  -51.060  -25.993  -22.646 0.0000000000
82198  -50.868  -25.891  -22.112 0.0000000000
82182  -50.689  -26.097  -21.752 0.0000000000
83905  -50.624  -25.802  -21.413 0.0000000000
82181  -50.475  -26.192  -21.370 0.0000000000
82160  -50.176  -26.312  -20.925 0.0000000000
82143  -50.129  -25.815  -20.671 0.0000000000
82142  -49.837  -26.185  -20.354 0.0000000000
82141  -49.299  -26.135  -19.756 0.0000000000
82119  -48.747  -26.143  -19.251 0.0000000000
82118  -48.065  -26.192  -18.868 0.0000000000
82117  -47.195  -26.322  -18.549 0.0000000000
80652  -53.054  -26.512  -27.753 0.0000000000
80644  -53.031  -26.245  -27.270 0.0000000000
82264  -53.120  -25.817  -28.022 0.0000000000
80643  -52.855  -26.743  -27.123 0.0000000000
82254  -52.868  -26.298  -26.478 0.0000000000
80635  -52.627  -26.850  -26.397 0.0000000000
80626  -52.380  -26.794  -25.761 0.0000000000
80625  -52.117  -26.834  -25.226 0.0000000000
82237  -52.046  -26.347  -24.814 0.0000000000
80618  -51.799  -26.848  -24.713 0.0000000000
80607  -51.451  -26.757  -24.000 0.0000000000
80595  -51.371  -26.346  -23.517 0.0000000000
80594  -51.117  -26.718  -23.276 0.0000000000
80583  -50.794  -26.665  -22.362 0.0000000000
80568  -50.557  -26.580  -21.770 0.0000000000
80567  -50.297  -26.900  -21.491 0.0000000000
80547  -50.020  -27.010  -21.012 0.0000000000
82159  -49.968  -26.626  -20.697 0.0000000000
80546  -49.777  -26.989  -20.599 0.0000000000
80529  -49.422  -26.889  -20.154 0.0000000000
80528  -48.989  -26.885  -19.640 0.0000000000
80508  -48.454  -26.926  -19.186 0.0000000000
80507  -47.825  -27.021  -18.841 0.0000000000
79186  -53.124  -27.356  -28.146 0.0000000000
80651  -52.915  -27.031  -27.679 0.0000000000
80654  -53.364  -26.582  -28.553 0.0000000000
79185  -52.746  -27.516  -27.615 0.0000000000
79178  -52.520  -27.540  -26.952 0.0000000000
79170  -52.321  -27.545  -26.219 0.0000000000
79159  -52.143  -27.304  -25.670 0.0000000000
79158  -51.845  -27.550  -25.306 0.0000000000
79151  -51.535  -27.519  -24.638 0.0000000000
79141  -51.294  -27.513  -24.100 0.0000000000
80606  -51.230  -27.122  -23.758 0.0000000000
80582  -50.547  -27.051  -21.978 0.0000000000
79104  -50.083  -27.629  -21.487 0.0000000000
79117  -50.361  -27.574  -21.973 0.0000000000
79083  -49.815  -27.618  -20.982 0.0000000000
79082  -49.492  -27.590  -20.548 0.0000000000
79066  -49.117  -27.577  -20.094 0.0000000000
79065  -48.692  -27.611  -19.630 0.0000000000
79046  -48.213  -27.689  -19.194 0.0000000000
77793  -52.935  -28.198  -28.072 0.0000000000
77796  -53.586  -28.139  -28.300 0.0000000000
79189  -53.798  -27.491  -28.552 0.0000000000
77792  -52.500  -28.284  -27.499 0.0000000000
77787  -52.227  -28.317  -26.769 0.0000000000
77779  -52.100  -28.125  -26.201 0.0000000000
79169  -52.052  -27.778  -25.844 0.0000000000
77685  -49.234  -28.386  -20.584 0.0000000000
77686  -49.598  -28.118  -20.920 0.0000000000
77669  -48.868  -28.140  -20.046 0.0000000000
77668  -48.434  -28.465  -19.717 0.0000000000
76427  -53.404  -28.756  -28.172 0.0000000000
76428  -54.054  -28.820  -28.260 0.0000000000
77797  -54.298  -28.157  -28.402 0.0000000000
76421  -52.841  -29.124  -27.933 0.0000000000
77684  -48.842  -28.685  -20.241 0.0000000000
76422  -53.712  -29.416  -27.984 0.0000000000
76423  -54.557  -29.513  -28.046 0.0000000000
76429  -54.810  -28.814  -28.355 0.0000000000
76424  -55.371  -29.380  -28.134 0.0000000000
76430  -55.539  -28.693  -28.399 0.0000000000
77798  -55.011  -28.136  -28.529 0.0000000000
79190  -54.510  -27.554  -28.601 0.0000000000
77799  -55.691  -28.091  -28.518 0.0000000000
79191  -55.194  -27.408  -28.746 0.0000000000
76431  -55.983  -28.511  -28.372 0.0000000000
77800  -56.369  -28.155  -28.367 0.0000000000
79192  -55.968  -27.549  -28.658 0.0000000000
80655  -54.131  -26.986  -28.772 0.0000000000
80656  -54.634  -27.155  -28.760 0.0000000000
79197  -55.730  -27.069  -28.887 0.0000000000
79196  -55.277  -26.934  -28.925 0.0000000000
80662  -54.713  -26.659  -28.954 0.0000000000
79193  -56.607  -27.340  -28.653 0.0000000000
79198  -56.158  -27.179  -28.814 0.0000000000
80663  -55.464  -26.551  -29.065 0.0000000000
80664  -56.281  -26.689  -29.003 0.0000000000
80661  -53.877  -26.356  -28.935 0.0000000000
80660  -53.462  -26.133  -28.831 0.0000000000
82267  -53.292  -25.755  -28.580 0.0000000000
82268  -53.564  -25.756  -29.007 0.0000000000
82269  -54.192  -25.881  -29.179 0.0000000000
82270  -54.968  -25.936  -29.213 0.0000000000
82271  -55.799  -25.918  -29.273 0.0000000000
83989  -53.148  -25.105  -28.184 0.0000000000
83991  -53.271  -25.097  -28.779 0.0000000000
83992  -53.674  -25.158  -29.323 0.0000000000
83993  -54.437  -25.311  -29.419 0.0000000000
83994  -55.197  -25.256  -29.422 0.0000000000
85724  -53.155  -24.417  -27.736 0.0000000000
85726  -53.103  -24.386  -28.358 0.0000000000
85728  -53.199  -24.344  -29.044 0.0000000000
85729  -53.542  -24.557  -29.557 0.0000000000
83998  -54.019  -24.817  -29.598 0.0000000000
83999  -54.593  -24.728  -29.667 0.0000000000
85734  -53.914  -24.192  -29.777 0.0000000000
84000  -55.306  -24.594  -29.701 0.0000000000
85735  -54.683  -24.062  -29.872 0.0000000000
87440  -53.165  -23.722  -27.290 0.0000000000
87447  -53.061  -23.720  -27.897 0.0000000000
87451  -52.920  -23.605  -28.463 0.0000000000
87454  -52.905  -23.440  -29.160 0.0000000000
85733  -53.331  -24.029  -29.503 0.0000000000
87456  -53.320  -23.494  -29.772 0.0000000000
87457  -54.046  -23.455  -29.990 0.0000000000
85736  -55.413  -23.931  -29.879 0.0000000000
87458  -54.813  -23.357  -30.042 0.0000000000
89021  -53.151  -23.074  -26.840 0.0000000000
89030  -52.948  -22.945  -27.505 0.0000000000
89035  -52.926  -23.276  -27.991 0.0000000000
87450  -52.697  -23.147  -28.678 0.0000000000
89034  -52.712  -22.861  -28.075 0.0000000000
87453  -52.644  -23.061  -28.940 0.0000000000
89040  -52.627  -22.902  -29.135 0.0000000000
89043  -52.749  -22.789  -29.585 0.0000000000
89044  -53.418  -22.768  -29.992 0.0000000000
89045  -54.191  -22.717  -30.134 0.0000000000
90434  -53.153  -22.548  -26.401 0.0000000000
90441  -52.961  -22.365  -26.971 0.0000000000
90450  -52.879  -22.541  -27.310 0.0000000000
89029  -52.779  -22.714  -27.674 0.0000000000
90449  -52.734  -22.330  -27.464 0.0000000000
89039  -52.517  -22.669  -28.713 0.0000000000
90453  -52.437  -22.117  -28.155 0.0000000000
90458  -52.304  -22.004  -28.803 0.0000000000
89042  -52.497  -22.486  -29.143 0.0000000000
90462  -52.390  -22.013  -29.386 0.0000000000
90463  -52.798  -22.045  -29.914 0.0000000000
90464  -53.557  -21.972  -30.189 0.0000000000
91866  -53.117  -22.211  -26.089 0.0000000000
91877  -53.034  -22.024  -26.447 0.0000000000
91886  -52.942  -22.038  -26.764 0.0000000000
90440  -52.837  -22.142  -27.104 0.0000000000
91885  -52.801  -21.762  -26.875 0.0000000000
91895  -52.465  -21.505  -27.593 0.0000000000
91903  -52.187  -21.261  -28.319 0.0000000000
91908  -52.107  -21.378  -29.015 0.0000000000
91876  -52.933  -21.625  -26.303 0.0000000000
93431  -52.671  -21.062  -26.184 0.0000000000
93442  -52.468  -20.908  -27.011 0.0000000000
93450  -52.215  -20.675  -27.740 0.0000000000
93459  -52.105  -20.768  -28.160 0.0000000000
91902  -52.027  -20.808  -28.381 0.0000000000
91907  -51.930  -20.827  -28.655 0.0000000000
94878  -52.376  -20.355  -25.771 0.0000000000
94897  -52.378  -20.285  -26.472 0.0000000000
94908  -52.246  -20.220  -27.196 0.0000000000
99383  -43.543  -17.018  -25.620 0.0000000000
101096  -43.275  -16.379  -25.303 0.0000000000
102757  -43.001  -15.781  -24.980 0.0000000000
101115  -43.335  -16.524  -25.956 0.0000000000
102777  -43.040  -15.924  -25.424 0.0000000000
101095  -43.094  -16.070  -25.726 0.0000000000
104434  -42.570  -14.272  -24.861 0.0000000000
102776  -42.759  -15.429  -25.720 0.0000000000
104453  -42.481  -14.478  -25.480 0.0000000000
106064  -42.689  -13.734  -24.551 0.0000000000
106083  -42.504  -13.742  -25.243 0.0000000000
107643  -42.997  -13.382  -23.736 0.0000000000
107663  -42.923  -13.118  -24.163 0.0000000000
108998  -43.445  -12.258  -23.721 0.0000000000
107664  -43.164  -12.573  -24.030 0.0000000000
110483  -43.930  -11.910  -22.980 0.0000000000
110510  -43.794  -11.621  -23.422 0.0000000000
